[ 5.49525936 -0.0929025   1.48635704  0.49711187  0.32434393 -1.25174139
  5.43417716 -0.27083131  2.05126472 -1.09194723], 7.85343607821
[ 0.46464304  0.89161837  0.92020866  0.70496229  0.73907343  0.28837982
  0.36782957  0.51034102  0.7291835   0.39737656], 1.13161302952
[-3.25833052  0.59032882  0.04954312  5.0443853  -4.69021291  0.368792
  1.04112941 -1.13701839 -1.31785363  4.50492199], 9.17164818592
[-0.6058837  -0.9701213  -0.93146795 -0.27283041  0.76382043  1.93011842
  1.8808791  -0.77067857  0.16013816  1.0771648 ], 3.53651916223
[ 0.04399611  1.19180804  0.24596461  0.74702624  0.68583024  0.52635577
  1.17064119  0.41896559  0.09716429  0.86820329], 1.43552930047
[-1.53651733 -3.01994226  0.32889158  1.51179318  2.73406019  3.31599762
 -2.0805979   0.53962722  3.0745755  -3.71165314], 7.95442530091
[ 1.17304196  0.54742378  0.80634472  0.67224336  0.60480914  1.16905643
  0.13885675 -0.28792298  0.40766068  1.47884862], 1.94980549515
[ 0.74280631  0.63934951  0.87299306  0.20458528 -0.11277589  1.34116166
  0.74654733  0.97176173  1.39714121  1.33001289], 2.00694901324
[-0.68024274  2.85631418 -0.1174127  -1.42501429  0.14394751  2.89500057
  0.3909987   2.65551877 -0.79848795 -1.64176603], 5.3730609951
[ 0.2834233   1.06593378  0.13729914  0.85059283  1.22459597 -0.04039002
  0.7016588   0.59061555  0.08607216  0.34824769], 1.48097903537
[ 1.26300658 -0.23494924 -0.19262799  2.17768696  0.96725482 -0.87184607
  0.14821015  0.87250824  0.87890309  1.42983782], 2.87763931809
[-0.09058755  0.60879015  1.16393481  0.32025127  0.80414778  0.1031437
  0.22297595 -1.02568783 -0.67857839 -0.53903702], 2.52869549241
[ 1.67921697  3.81513417 -1.00735536 -1.93877181 -1.23038286 -3.4190426
 -3.93485884  2.05765268  1.28423656  0.00393702], 7.92766736349
[ 0.56354745  0.48613796 -0.30154963  0.66608197  1.19776057  0.39054323
  0.83104715  0.83593018  0.33648227  0.64631636], 1.40541789711
[ 1.15272521 -0.21154193  2.41813659 -0.79289757  0.94707956  0.07912989
  0.66136893  1.79159116 -0.82664811  0.91939123], 3.50359236709
[ 0.95331512 -0.42357684  0.13142493  0.12900804  0.56741983  0.50594441
  0.39387654  0.04170438 -0.07541852  0.53415535], 1.54888693323

7.85343607821
1.13161302952
9.17164818592
3.53651916223
1.43552930047
7.95442530091
1.94980549515
2.00694901324
5.3730609951
1.48097903537
2.87763931809
2.52869549241
7.92766736349
1.40541789711
3.50359236709
1.54888693323