[ 0.72656994  0.12575497  0.34276013 -0.06166572  0.53966922  0.76620755
  0.44377503  0.78405278 -0.12534957  0.75635513]
[ 0.42360624  0.95812454  0.1216985   1.15251883  0.24843093  0.51857151
  0.23036425  0.09264488  0.34833616  0.05507522]
[ 0.89452294  1.03238894  0.31655926  0.18842174  0.12616203  0.12525773
  1.06868396  0.9930666   0.51757012  0.9649186 ]
[ 0.05231272  0.50093624  0.12770922  0.41337715  0.1504357  -0.28139892
  0.05593945  0.70544218  0.37389684  0.77985008]
[ 1.33525549 -0.18888416  0.21785115  0.97638007  0.73714128  0.2145046
  1.42949271  0.95260174  0.6248817  -0.35349405]
[ 0.99012937  0.85380656 -0.00474287 -0.07197315  1.094411    0.12304808
  0.61579556 -0.20839979 -0.08632155  0.10318726]
[ 0.01416804  0.21035995  0.31550567  0.97902613  0.80369961  0.49767364
  0.99305134  0.19174145  0.32900655  0.69936607]
[ 0.95076595  0.1624013   0.1824708   0.66603061  0.61470745  1.12403801
  0.15787725  0.81994835  1.04883092  0.59421127]
[ 0.91351272  0.18461934  1.33328028  0.5859659   1.02916718 -0.21449559
 -0.01999349  0.90137835  0.45640074  0.40957534]
[ 0.29947974  0.3852574   0.38868609 -0.09111523  0.00148938  0.84238348
  0.84903383  0.0390719   0.4685551   0.37845547]
[ 0.27045684 -0.19295606  0.53456677  0.5539119   0.60991517  0.38885459
  0.52530174  0.14403246  0.65556378  1.02949874]
[ 1.10764935  0.15351163  0.1058191   0.77894562 -0.21804019  0.36585908
 -0.16999589  0.45310167  0.4028418  -0.05742056]
[ 0.7411385   0.92326666  0.72258988  0.64804438  0.79084063  0.59350943
  0.17973212  0.25650377  0.49855055  0.81691255]
[ 0.91261976  0.68244809  1.26791619  0.43429726 -0.12603156 -0.11742994
  1.02906269 -0.24250555  1.35227106  0.62374214]
[-0.01044904  0.62739959  0.15316847  0.04174996  0.7383543   0.2824445
  0.54997765  0.94758346  1.04801901  0.08104906]
[ 0.13826143  0.46156502  1.03416135  0.66608455  0.19964789  0.75097224
  0.65190179  0.78973574  0.45694678  0.09871767]

1.39652513402
1.45322034359
1.56207476132
1.48517207675
2.0572595127
1.80443585882
1.37438811599
1.47857607541
1.73664155907
1.39310943725
1.34129260173
1.68414893638
1.21136672315
1.98644045096
1.48077812503
1.2933848058
