[ 0.14130021  0.9384872   0.85532251  0.68906805  1.03664849  0.21645602
  0.03396528  1.62691089  0.49204943  0.84639729]
[ 0.25003599 -0.84423155  1.67877572  0.22518374 -0.6466184   0.64448806
  0.9326091  -0.35648162 -0.82822865  1.46422311]
[ 0.72522122  0.32444878  0.27836     0.19953046  1.71137715  0.29263203
  0.67411634  1.16853818  0.66067225 -0.09640571]
[ 0.8990291   0.5398349   0.56387787  0.3975933   0.51021299  0.13560938
  0.18497531  0.39400939  0.3260909   0.47844859]
[ 0.61413766  0.50246467  0.46145288  0.47338338  0.82723331  0.7169937
  0.4707275   0.20269253  0.32183179  0.68788348]
[ 0.19346785  0.49903645  0.55222866  0.73967918  0.60958788  0.40490882
  0.81892023  0.02896941  0.67631639  0.79570913]
[-0.09337133  0.50531891 -0.82141121 -0.71928078 -0.44290002 -0.20015766
 -0.32229916  0.3435558   1.11005031  0.65396666]
[ 0.01408632  0.76726556  0.03052298  1.39915393  0.58493479  0.92484551
  0.92378815  0.82779631  0.77384356 -0.0842791 ]

1.82827041227
3.02481994872
1.85389442329
1.03471019942
1.01904598902
1.11719892242
2.62291327147
1.81257777178
