[ 0.34314124  0.47419447  0.20942529  0.43768708  0.28599826  0.29437896
  0.29268896  0.31991474  0.43887901  0.57743941  0.27961587  0.543418
  0.30004081  0.76395943  0.10038436  0.38572618  0.10334017  0.47204586
  0.1851206   0.22217641  0.45984719  0.73753708  0.45037567  0.58366758
  0.6745357   0.83604421  0.1180104   0.24754279  0.23097827  0.73212837
  0.23452913  0.5902301   0.65712792  0.58306127  0.66021576  0.40353934
  0.55903974  0.72250054  0.28889315  0.74001449  0.72002219  0.71020054
  0.59655429  0.57759827  0.24658968  0.45163052  0.66859837  0.40810245
  0.38666473  0.34046451  0.26220753  0.38073981  0.42315     0.18082918
  0.47010552  0.27346043  0.61847676  0.24834907  0.63444849  0.79115665
  0.25090095  0.41344786  0.62933045  0.21167472  0.27447821  0.6450962
  0.6754042   0.45612271  0.84992761  0.67159972  0.73355231  0.16998938
  0.34488262  0.84428868  0.46458883  0.32155371  0.80584777  0.39722838
  0.61524719  0.53647063  0.72955386  0.4961047   0.79635007  0.36732253
  0.40986486  0.82060063  0.43297826  0.7786088   0.62630148  0.65160294
  0.16819018  0.79865729  0.54967185  0.71255983  0.22642155  0.26720858
  0.73179091  0.51399189  0.29723811  0.68905984  0.47788949  0.52162168
  0.6786615   0.42453691  0.8274139   0.52323998  0.09891955  0.75071265
  0.49248935  0.6253242   0.22474642  0.13625818  0.92411685  0.4877948
  0.23635688  0.87816437  0.79440566  0.89414682  0.46431176  0.19164442
  0.3019707   0.30029958  0.34212169  0.16046465  0.68688538  0.48942104
  0.73655067  0.7379035   0.23471715  0.23186897  0.4310701   0.82987393
  0.54043395  0.06471579  0.73425641  0.28630652  0.78514605  0.39824243
  0.76393687  0.6454916   0.55785077  0.36709897  0.23723465  0.35308467
  0.35118499  0.28129982  0.34283147  0.52172164  0.51642833  0.24254679
  0.34744855  0.83665978  0.60306707  0.40859357  0.22464908  0.6836062
  0.25775034  0.56092037  0.7647167   0.81013194  0.35689614  0.54919005
  0.4762459   0.78009315  0.25161121  0.28254648  0.1368937   0.57543985
  0.60444577  0.73762021  0.43290748  0.86291103  0.53738185  0.53528789
  0.44138733  0.64121384  0.68185854  0.3822673   0.2508123   0.26260747
  0.7610985   0.16944321  0.82965044  0.21068268  0.59943018  0.67668033
  0.33617153  0.43909108  0.36685684  0.7269666   0.07242073  0.24405479
  0.63455041  0.76144617  0.81941021  0.7292225   0.12365394  0.29300792
  0.57717469  0.72948687  0.83289477  0.42166746  0.87597367  0.72681341
  0.27625719  0.37149606  0.77004427  0.34519326  0.6957172   0.81886782
  0.547286    0.90549816  0.29822838  0.18973485  0.2685669   0.51791334
  0.25426799  0.70468358  0.6901327   0.13413649  0.31108507  0.5598837
  0.22702693  0.60459437  0.27696094  0.75486579  0.4286316   0.70732989
  0.80273413  0.78187931  0.49164606  0.51831825  0.68774833  0.2123978
  0.44139208  0.63214532  0.2722122   0.55472306  0.32296032  0.65763205
  0.41715039  0.80735307  0.77807186  0.34551557  0.85138946  0.7585832
  0.23890728  0.47509387  0.59422396  0.8016962   0.27819068  0.7063184
  0.29056393  0.80280321  0.68033532  0.7881664   0.53743503]
[  9.18137664e-01   1.02817259e+00   3.02696527e-02  -1.03680768e-03
   1.73412049e-01   3.29746672e-01   6.66864208e-01   1.43157619e-01
   3.12533090e-01  -1.63157772e-01   7.11734599e-01   1.04706262e+00
   7.97910812e-02   7.33521684e-01   6.06327793e-01   1.14049820e+00
   1.06857364e+00   5.37700267e-01   1.05175994e+00   6.57944066e-01
   9.81639241e-01   5.25557986e-01  -1.54797310e-01   7.89097195e-01
   8.21648956e-01   1.35943812e-01   1.07110983e+00   7.83481401e-01
   5.95932771e-01   5.98779279e-01   2.73325704e-01   8.13959925e-01
   4.96633192e-01   1.27331939e-01   8.96103935e-02   8.55816781e-01
   3.26523622e-01   3.36348588e-01   3.57230374e-01   3.71181599e-01
   8.92951119e-01   1.75189558e-01   1.17239481e-01   8.54173194e-01
   3.42119585e-02   6.53788479e-01   8.47537254e-01   6.54342503e-01
   6.18162227e-01   8.66392803e-01   9.60547627e-01   1.05684512e+00
   5.37158898e-01   9.74040244e-01   2.42671535e-01   3.28515272e-01
   3.89196447e-01   6.66607247e-01   1.01684251e-01  -4.80514394e-02
   3.44896817e-01   9.18946528e-01   5.51637763e-01   8.14271427e-01
   2.95904370e-01   8.13550056e-01   7.86323230e-01   9.70999464e-01
   1.34496176e-01   8.46365169e-01   7.66457515e-01   9.02855008e-01
   3.98903436e-02   8.44250384e-01   2.68821972e-02   2.77663969e-01
   9.13657066e-01   5.03633290e-01   9.42441045e-01   6.72129203e-01
   1.18796088e+00   8.37963849e-01   4.64695239e-01   2.61298315e-01
   8.89085005e-01   2.54651970e-01   1.05462572e-01   6.83763967e-01
   4.46134035e-03   1.83123262e-01   7.88741882e-01  -5.10006112e-02
   5.44391032e-01  -8.13385593e-03   1.08802001e+00   7.03019833e-01
   2.84852164e-01   9.77165091e-01   7.69829170e-01   3.74961542e-01
   9.29913703e-01   1.13340116e-01   7.82774000e-02   3.86174571e-01
   2.49485253e-01   5.90010859e-01   9.59008302e-01   1.03100122e-01
   7.66845933e-01   7.45168414e-01   9.57889521e-01   8.20676083e-01
  -2.19472049e-01   3.31229497e-01   4.80427881e-01   8.27717798e-01
   4.77097824e-01   5.51629189e-01   5.78089496e-01   6.06962133e-01
   6.94678814e-01   4.11787598e-02   8.07301062e-01   8.91247820e-01
   7.17394710e-01   7.86835438e-02   2.14334337e-01   2.41365822e-01
   3.39963789e-01   9.61704230e-01   4.15879178e-01   9.17701781e-01
   1.03560367e-01   7.00032007e-01   1.01057558e-01   3.86406491e-01
   3.06022599e-01   8.53902260e-01   7.12599098e-01   9.62453668e-01
   3.44069323e-01   8.06908555e-02   1.73275712e-01   2.95026595e-01
   2.77979567e-01   2.97026783e-01   5.65734354e-01   3.82592430e-01
   3.44707042e-01   8.37269765e-01   9.27350131e-01   9.24516460e-01
   7.60070822e-01   7.92318746e-01   6.72577212e-02   5.33121397e-01
   9.17971464e-01  -4.68996605e-03   8.94259101e-01   8.52684757e-01
   2.04184090e-01   6.09364561e-01   9.48826221e-01   2.00199243e-01
   1.20425423e+00   2.69071237e-01   1.00939903e+00   4.73386373e-01
   4.59632405e-01   6.39197825e-02   7.24072500e-01   8.65757338e-01
   7.77224147e-01   9.76597637e-01   7.51711327e-01   8.66222635e-01
   2.70581354e-01   5.82068832e-01   3.61906100e-01   8.58417083e-01
   5.69558027e-01   1.14611009e+00   4.86028922e-01   2.63499739e-01
   9.48327905e-02   1.67901104e-02   2.96787969e-01   4.68377117e-01
   2.98668741e-01   7.78658815e-01   1.31473183e+00   2.42297163e-01
   7.05803252e-01   5.31801823e-01   2.70887122e-01   5.71993828e-01
   3.43207971e-01   7.92553786e-02   2.08542294e-01   6.84873051e-01
  -1.34441166e-01   8.92658875e-01   1.13611053e-01   8.36154608e-01
   2.20858152e-01   1.21111156e+00   3.41377361e-01   5.40317503e-02
   7.52793552e-01   3.35084246e-01   3.73385255e-01  -1.18847352e-01
   3.13481982e-01   1.33586853e-01   4.33004834e-01   9.08604068e-01
   8.95295147e-01   7.19314601e-01   4.31870731e-01   9.32802548e-01
   4.94562851e-01   6.60664785e-01   3.18359336e-01   9.88526286e-01
   4.60117221e-02   5.07276010e-01   1.62898028e-01   1.03829869e+00
   1.84854554e-01   1.57031563e-01   8.08030158e-01   2.48252449e-01
   7.14811270e-02   9.45791074e-01   5.33179953e-01   6.04673380e-01
   1.93626528e-01   6.85686450e-01  -5.71370441e-04  -1.97934624e-01
  -7.30289553e-02   7.84126331e-01   6.14421619e-01   8.56889362e-01
   1.68798810e-01   5.21992846e-01   8.33038825e-01   2.93419462e-01
   5.97233956e-02   9.50705085e-02   3.17692581e-01   2.44313685e-01
   9.89212880e-01   2.56172528e-01   7.22247817e-01   1.77897347e-02
   8.56549247e-01]
[  1.59346998e+00  -1.59774128e-01   5.29265041e-01   1.16209075e+00
  -4.71211107e-01   7.60025712e-01   5.93700499e-01  -3.81701298e-01
   7.04766790e-01   8.50891688e-01   6.30797459e-01  -1.19588863e-01
   4.55569887e-01   1.21867497e-01  -2.36247686e-01  -3.00257220e-01
  -7.22385311e-02   1.25637329e-01   2.79388998e-01   3.38405554e-04
  -5.13100781e-01   4.61493829e-01   1.28275923e+00   5.58150678e-01
   7.45768293e-02   5.51245058e-01   5.68150288e-01   5.07265549e-01
   4.19965587e-01   2.51227034e-01   4.46922684e-01   9.22759741e-01
   3.38678772e-01   3.48982515e-01   5.06736773e-01   1.02919130e+00
   4.13834791e-01   4.81345753e-01   7.27154517e-01   3.06988722e-01
   6.47401445e-01   1.21209796e+00  -4.28116135e-02   5.43403317e-01
   9.42635995e-01   7.15012156e-01  -4.39683918e-02   6.08352327e-01
   1.41301222e+00   6.55671212e-01  -5.32461216e-02  -1.01805084e+00
   1.10132381e+00  -8.87994100e-02   1.15241730e+00   5.29052790e-01
   3.31553917e-01   3.44421080e-01   7.68815550e-01   4.94772495e-01
   4.29829867e-01   5.99486288e-01   3.75051489e-01   4.65286715e-01
   1.15810967e+00   5.60138719e-01   8.32639306e-01  -2.82413013e-01
   6.71475616e-01   3.92870102e-01   4.36289201e-01  -5.23597305e-02
   6.53303566e-01   1.01417945e+00  -1.56823464e-01   3.30394179e-01
   1.07265983e+00   3.30908732e-01   4.14642733e-02  -3.36731254e-01
   8.05196395e-02   3.63725645e-01   6.47686534e-01  -4.87114261e-01
   1.18846268e+00   1.21771181e+00   7.73398863e-01   9.36896740e-02
   1.87355309e-01   4.74935960e-01   5.24617587e-01   5.93413698e-01
   6.43972567e-01   9.72833988e-01   5.49670478e-01   3.48891406e-01
   7.44791890e-01   1.17343632e+00   4.41332980e-01   2.52900912e-01
   5.26272125e-01   4.29273666e-01   5.65928954e-01   3.31547674e-01
   5.90004089e-01   4.20995299e-01  -2.03106488e-01  -4.86014183e-02
   2.56195561e-01  -1.71115087e-01   9.01384182e-01  -2.73583857e-01
   1.38998005e+00  -9.49942657e-01   8.89957965e-02   1.44664955e+00
   3.88750621e-02   9.22583973e-01   1.23785826e-01   1.82925687e-01
   7.99250740e-01   2.47580531e-01   9.24382948e-01  -2.31530075e-01
   7.47093936e-01   9.03083580e-01   6.68662501e-01   6.26729539e-01
   5.45372180e-01   4.06316747e-03   5.01965559e-01   1.14102129e+00
   7.93301865e-01  -5.49325917e-01   1.97956410e-01   3.03811564e-01
   4.04572274e-01   5.83391026e-01   5.39782607e-01  -3.26975979e-02
   6.95885350e-01   4.97297425e-01   7.25606222e-01   1.01331005e+00
   8.72355399e-01   4.11814854e-01   1.31516276e+00   2.94555614e-01
   1.34610422e-01   4.42786642e-01   5.73513631e-01   4.78119860e-01
   5.91988245e-01   2.77515350e-01  -2.60354903e-03   8.85491864e-01
   9.04743601e-01   6.56695435e-01   6.37539872e-01   1.02267720e+00
   7.58255170e-01   5.83195182e-01   4.95493000e-01  -6.17238499e-03
   6.27273189e-01   7.66587878e-01   4.97463746e-01   1.30195783e+00
   7.53456595e-01   9.36883162e-01   6.38776785e-01   9.36368448e-01
   6.32310649e-01   3.15220360e-01   3.08989258e-01   6.20505918e-01
   5.11068606e-01   5.92430976e-01   7.87689414e-01   6.14128227e-01
   7.83090854e-01   4.66048880e-01   6.18446701e-01  -2.21484044e-01
   1.13226725e+00   3.44017751e-01  -1.31608481e-01   3.85056176e-01
   3.48425378e-02   7.76695712e-01   2.09518391e-02   3.85871398e-01
   4.73846580e-01   3.45135930e-01   3.99237629e-01   2.26353781e-01
   6.50511209e-02   1.28281447e+00  -3.25259809e-01   8.17949762e-01
   9.40251495e-01   6.46345479e-01   6.54650799e-01   6.45274210e-01
   2.90803235e-01   5.64774493e-01   8.09686067e-01  -2.80248109e-01
   7.69401919e-01   1.29785627e+00   1.22156337e+00   1.08799647e+00
  -4.17254001e-02   1.81414078e-01   6.23873047e-01   9.91374659e-01
   1.03191888e+00   3.57334874e-01   2.70062385e-01   1.14949095e-01
   6.09901882e-01   1.82695522e-01   2.67978097e-01  -2.36807841e-01
   7.26488974e-01   3.99969917e-01  -7.96979517e-02   4.14090733e-01
   8.62969158e-01   6.27550870e-01   8.20773830e-01   4.73784759e-01
   2.82707256e-01   5.81779076e-01   5.71398051e-01   9.79748897e-01
   7.93931240e-01   2.55115067e-02   1.17209975e+00   2.52902205e-01
   1.50983762e-01   7.32705962e-01   5.94902996e-01   5.81164940e-01
   8.73747707e-01   1.13861300e+00   7.98652888e-01   5.06354203e-01
  -2.10927683e-01   4.29611979e-01   6.13773358e-01   3.57589211e-01
   8.89846154e-02   9.19317199e-01   4.50467610e-01   4.94676983e-01
  -2.42985981e-01]
[ 0.43877688  0.25844609  0.33353782  0.1923187   0.7110835   0.66214384
  0.76488709  0.36630575  0.566803    0.478971    0.63288128  0.52630212
  0.4460863   0.78978687  0.27928743  0.42811667  0.19509506  0.53997955
  0.78348222  0.40504913  0.31708403  0.67340371  0.55589376  0.28514457
  0.69214271  0.49425465  0.20845435  0.40600482  0.33667798  0.2208081
  0.7616084   0.76452589  0.34677249  0.72141663  0.53006689  0.55873902
  0.70036638  0.7462629   0.31269206  0.4410409   0.29495608  0.76219134
  0.41205724  0.31742857  0.1504577   0.22633696  0.49325584  0.28146745
  0.42730464  0.68715808  0.50169608  0.32523317  0.84080574  0.38173378
  0.49975363  0.68446742  0.71061305  0.4465206   0.33118434  0.63015399
  0.72725701  0.6223425   0.8080445   0.23547631  0.62759212  0.36922097
  0.7300988   0.60596228  0.29714727  0.42012369  0.40656952  0.67904144
  0.1560844   0.64381678  0.67100341  0.62434208  0.7693358   0.15396049
  0.39649941  0.79684667  0.80365261  0.55319911  0.91246556  0.65280185
  0.80681882  0.79664254  0.26806855  0.33500645  0.33116572  0.14395731
  0.70534471  0.27484154  0.78616337  0.65484065  0.37154538  0.29205531
  0.3154455   0.38087258  0.75542536  0.71325072  0.24959703  0.38903025
  0.27917519  0.23178253  0.7753911   0.63225359  0.43008072  0.7044252
  0.28728591  0.29127804  0.77053336  0.70856902  0.52392997  0.76510035
  0.69447164  0.58968738  0.47695735  0.68731065  0.34056214  0.48832569
  0.82054888  0.66300485  0.46733822  0.18929052  0.23246023  0.4581064
  0.48661483  0.69208065  0.73084914  0.19165399  0.77379662  0.82830165
  0.71398459  0.27119784  0.26142447  0.18011132  0.42765017  0.22407458
  0.51196088  0.49243647  0.74905767  0.59923086  0.2691664   0.45668634
  0.67329675  0.21083975  0.64082413  0.83286085  0.66037343  0.78816792
  0.58907539  0.53243909  0.32391593  0.38334348  0.63383494  0.39672673
  0.73585139  0.695941    0.74961747  0.34656495  0.65912739  0.62000424
  0.27743686  0.50138531  0.32403661  0.46958044  0.26378601  0.28788853
  0.37046287  0.67423122  0.63805426  0.73558624  0.29294233  0.78359572
  0.19426063  0.57780493  0.71830651  0.76853657  0.21497854  0.2303602
  0.50316854  0.22563249  0.28476339  0.44843589  0.24331382  0.25261384
  0.65516456  0.2385942   0.18588772  0.48789432  0.40517499  0.70154655
  0.49591998  0.70983578  0.37496178  0.2169726   0.19143157  0.66673868
  0.65333499  0.77547583  0.34079727  0.73268723  0.78067856  0.51876613
  0.20896002  0.54796121  0.38212701  0.38666121  0.18986922  0.77594542
  0.67996365  0.7907218   0.61485193  0.3803897   0.77348628  0.29137417
  0.5615321   0.60300368  0.49389393  0.26225012  0.44135456  0.71051648
  0.64753294  0.29820528  0.25402727  0.41021301  0.50766382  0.89326118
  0.21199697  0.66494887  0.39198582  0.19933356  0.22518425  0.73856883
  0.7315279   0.49653473  0.66873763  0.8126757   0.25355102  0.39691748
  0.54111835  0.36368491  0.32112969  0.40448544  0.23284616  0.81084051
  0.71845113  0.35100503  0.72017112  0.2853463   0.43680412  0.35301815
  0.32852933  0.20391262  0.76790542  0.29184864  0.71329854]
[ 0.68672274  0.55327614  0.35667577  0.49232764  0.09153536  0.59560087
  0.87580412  0.159505    0.33780538  0.34228692  0.52403325  0.66245155
  0.23336148  0.25426573  0.46969936  0.55030785  0.60931433  0.50417543
  0.72409244  0.24344021  0.57439388  0.16133112  0.49336638  0.92544833
  0.51324481  0.22434879  0.69903983  0.84812699  0.53209062  0.65937014
  0.28393699  0.70584315  0.55696859  0.28830788  0.22031659  0.903552
  0.5153518   0.35775141  0.40810017  0.5040662   0.62193111  0.35671911
  0.25853793  0.53821838  0.50249491  0.91484149  0.70672997  0.51369722
  0.62483947  0.54111885  0.60835388  0.50053838  0.3101061   0.62668985
  0.65901544  0.35168103  0.21837459  0.54017825  0.35833678  0.41178053
  0.13350483  0.741541    0.5373835   0.82352488  0.52663704  0.79918772
  0.45993565  0.38726572  0.21165327  0.64281783  0.86474948  0.49583606
  0.45646758  0.64815353  0.18386041  0.43110892  0.86903238  0.64975928
  0.70983106  0.44576541  0.51529766  0.76889527  0.24577145  0.18735629
  0.62724896  0.571513    0.30291618  0.44935138  0.33855932  0.42545045
  0.55725021  0.37222516  0.29799283  0.3386356   0.61810665  0.44946511
  0.20207542  0.79113635  0.43385329  0.64628258  0.73807766  0.26462111
  0.46452559  0.53648792  0.28627073  0.40843678  0.5859972   0.15181067
  0.76985783  0.47287851  0.70151939  0.52218229  0.41248577  0.11128056
  0.43734095  0.64279307  0.56670106  0.78243852  0.40547132  0.75048813
  0.57696156  0.37587554  0.79262835  0.47256638  0.80459063  0.2874525
  0.42850707  0.33684821  0.31721678  0.70039027  0.42486477  0.5426548
  0.38750256  0.17713536  0.23071734  0.37380794  0.22250616  0.83376848
  0.58377505  0.5881354   0.50227228  0.23664836  0.4142679   0.68670758
  0.44566219  0.15302246  0.85726775  0.69196513  0.33840452  0.77804991
  0.66694339  0.63568685  0.78248234  0.75957111  0.31626747  0.56375807
  0.77116454  0.25435375  0.57349789  0.85894203  0.31172811  0.66904099
  0.77582803  0.10176458  0.53938457  0.29987344  0.70700827  0.87925017
  0.40057779  0.41698897  0.66881395  0.50260224  0.84662676  0.59246871
  0.81444599  0.45226009  0.38491222  0.48031141  0.33363227  0.79494678
  0.49505986  0.64297728  0.64632922  0.23966784  0.45006968  0.44397789
  0.26410714  0.59983266  0.44715099  0.78812932  0.56631193  0.23710917
  0.26479819  0.56000091  0.70223978  0.71648391  0.55482744  0.53060251
  0.21082691  0.714519    0.30536444  0.6397493   0.23840234  0.66613388
  0.3652368   0.57530222  0.10838867  0.24051962  0.82685309  0.6859893
  0.6770111   0.37969709  0.19305322  0.29954102  0.12546296  0.70308145
  0.88581582  0.47191088  0.45271649  0.81369742  0.52303381  0.51857928
  0.27493942  0.61849957  0.42292089  0.4907011   0.27005285  0.54033007
  0.51929159  0.30686728  0.61478029  0.32335471  0.21636614  0.62624288
  0.73876032  0.58393539  0.44502411  0.54244005  0.6883195   0.40904258
  0.36799959  0.81039693  0.76249311  0.70982152  0.51479209  0.7409898
  0.63831099  0.5297569   0.23309161  0.34395355  0.32863012  0.43737411
  0.51203702  0.69962067  0.65993861  0.23476471  0.47316238]
[ 0.48318972  0.17946606  0.86371293  0.84418734  0.7842441   0.69273135
  0.69391038  0.83943502  0.20594505  0.6406423   0.20877691  0.44299551
  0.42005558  0.41171472  0.67874034  0.41289487  0.2227901   0.77757174
  0.59296879  0.17926521  0.28194862  0.09097538  0.82134203  0.7824989
  0.79668066  0.70059677  0.28060447  0.46834572  0.85856139  0.42237059
  0.72441862  0.69622263  0.52189187  0.61648792  0.64871943  0.59771411
  0.44098076  0.21115412  0.24572533  0.59888467  0.13290514  0.88141145
  0.34731157  0.47526044  0.85993454  0.67459739  0.5681473   0.27382741
  0.46865778  0.46584975  0.39506355  0.38463763  0.34760444  0.81018944
  0.82189129  0.37804525  0.10699241  0.32208089  0.40613659  0.89799246
  0.20943087  0.26480911  0.73514686  0.30997512  0.53972758  0.43095026
  0.08043397  0.5673922   0.54102791  0.15529472  0.47047276  0.56373966
  0.73949122  0.16385439  0.79511203  0.3858085   0.44447788  0.81441964
  0.22049318  0.22068383  0.71603511  0.78849915  0.45205461  0.77328177
  0.72698504  0.71659869  0.73334702  0.18637387  0.79027662  0.79518649
  0.50367883  0.79347428  0.14302932  0.75986509  0.51676576  0.14147693
  0.16582906  0.56717969  0.37178815  0.87676637  0.64128522  0.76653109
  0.89988326  0.46425108  0.20228472  0.67280983  0.66966021  0.82788503
  0.52642457  0.84929594  0.43650512  0.48765702  0.23524317  0.22662526
  0.17142917  0.06698384  0.87414821  0.25627806  0.18906026  0.84261015
  0.66185713  0.71957296  0.32032621  0.3880336   0.51114441  0.83129927
  0.41523172  0.1948186   0.25347356  0.69320159  0.32873192  0.15993789
  0.41431945  0.3926628   0.75254976  0.36025925  0.08410745  0.75674284
  0.83342358  0.38915876  0.65416872  0.71946378  0.55249684  0.81718186
  0.84627457  0.13320397  0.75545992  0.43624     0.79742069  0.34055629
  0.55500964  0.16244426  0.53401462  0.33626212  0.65056893  0.74782907
  0.52741853  0.73584803  0.22241524  0.73437954  0.34660449  0.80512278
  0.54372009  0.2810782   0.02658499  0.15560479  0.186522    0.69180707
  0.1785274   0.1830753   0.76682864  0.0886579   0.75370842  0.47990697
  0.53138918  0.44062016  0.57572918  0.74724146  0.38339683  0.67308812
  0.18236525  0.54453648  0.27592352  0.63843068  0.26404615  0.64159107
  0.17874224  0.84631681  0.80407112  0.65297934  0.74751845  0.18723789
  0.16328323  0.26870837  0.73039608  0.77600414  0.79711351  0.63759664
  0.77844333  0.81681922  0.47153842  0.15918632  0.22319088  0.29422335
  0.62659923  0.09559288  0.24179825  0.77118826  0.2372525   0.82485218
  0.46896178  0.58818293  0.31007194  0.80737212  0.27399729  0.37209491
  0.58576801  0.76320947  0.18602227  0.73545356  0.80719586  0.29614204
  0.49165875  0.26193517  0.73306354  0.5433256   0.63032542  0.4015645
  0.59687668  0.30107198  0.1293172   0.55892474  0.36950703  0.33381754
  0.81679823  0.48559603  0.43382804  0.48889654  0.82553799  0.94238497
  0.88396952  0.79613708  0.48031732  0.22064632  0.46203205  0.4445742
  0.36953953  0.57917038  0.42769196  0.76754669  0.36314871  0.7008152
  0.09163458  0.57125953  0.41512345  0.18052972  0.14893134]
[ 0.38784546  0.17090117  0.73141971  0.0626887   1.14711429  0.8522915
  0.77160936  0.91844785  0.38010936  1.45506881 -0.03628344  0.45150859
 -0.09903041  0.35168536  1.69249474  0.53994163  1.57665465 -0.08579854
  1.2350903   0.91573457  1.69760912  0.74649552  0.68279953  0.1388467
 -0.15796687  0.47673567  0.9720502   1.61614441  0.70752527  0.97710561
  0.41604368  0.52238486  0.87490528  0.90395071  0.66295841  0.42372181
 -0.24550519  0.89053279  1.14390116  1.0293027   0.31520307 -0.39702483
  0.55706851  0.66142602  0.20815398  0.40376019  0.82643606 -0.08748174
 -0.12561921  0.00624729  1.16593509  0.81688691  0.38519367  1.94290195
  0.17252529  0.29088314 -0.29866366  0.66567717  0.55390161  0.90803283
  0.16844295  0.9328322  -0.34946716  0.3988343   0.70380978  2.09316158
  2.13243248  0.44284324  1.19318879  0.11648503  0.43988363  0.28219997
  0.62903561  0.15696686  0.08385916  0.31970373 -0.43543802  1.62987593
  1.44916639  0.19743088 -0.2391473   0.6584285   0.19749378  1.13331035
 -0.39413441 -0.09881604  1.04484005  1.26405333 -0.59243524  0.92980662
 -0.24205831  1.40757626  0.86441318  0.63230021 -0.13883365  0.66839637
 -0.08603346  0.93366522  0.18554293  0.81448277  0.20532196  0.8666298
 -0.08594525 -0.04377471  0.61962952  0.54088946  0.21114394  1.05661727
 -0.0131776   1.24670765  0.9155539   0.57847214  0.07492028  1.00384347
  2.0217819   0.50564105  1.42555649  0.46879283  0.8457463   1.47964146
  1.03357118  0.24666863  1.02028886  0.48477774  0.83476352  0.39050723
  0.88245563  1.02582243  0.3798294   0.43370907 -0.0424187  -1.14514509
 -0.06824942  0.75518218  0.41260848  0.32523861 -0.09928246  0.4060079
  1.25480402  0.40898705  0.22902783  0.7690714   0.15318657 -0.74011732
  1.15962113  0.86513072  1.01641254  1.98875184 -0.06342847  0.92915917
  1.57326431  0.8433393   0.56604184  1.11156682  1.8173044  -0.57120592
  0.22217544  1.57652716  0.83976158  0.07102602 -0.43528288  1.61494128
 -1.40897166  0.55392537  0.561047    0.88187867  0.78947052  0.84991189
  0.60941187  0.55820011  0.40619647  1.2784206   0.16916617  0.48717029
  1.35356432  0.36552501  0.01760184  1.33542717  0.151717   -0.66408123
  0.34003048  0.25494736  0.30219591  0.72478811 -0.11815364 -0.01214032
  1.09003556 -0.09291006  1.28123884 -0.28737517  0.6515879   0.23439011
  1.0213332   1.26994192  0.32086627  0.35165781  0.37334818  1.11182294
  1.09487471 -0.8386212   0.85886785  0.80767288  1.45955754  0.59094269
  1.46115258  0.11442814  0.95816997  0.770734    0.34711302  1.13218101
  1.26010432  0.19754592 -0.62699868  0.90584462  0.22712709  0.08955839
  0.34871164  0.30403495  1.16611879 -0.2846355   0.84799974  1.97093352
  1.23755997  1.18980355  0.88174147  0.24137891  1.24778359 -0.11267218
  0.44459093  1.36663733 -0.3172593   0.96923955  0.93840791 -1.4021584
 -0.38845056  0.66349034  1.0379561   0.89541475  1.26963316  1.66868921
  1.70254638  1.22834612  0.31424376  0.76390153  0.11661245  1.21027357
  0.1635987   0.22991583 -0.28796336  0.57216005 -0.191966    0.52228083
  2.97278028  0.09047116  0.77038078  0.47428661  1.37705638]
[-0.6114618   1.17608865  0.91625109 -0.75979984  1.28130787  0.83247503
  0.80991381  1.4075849   1.33750489  0.1607669   0.45194294  0.33553017
  0.02115273 -0.00637166  1.02277653  0.53711343  0.80915557  0.36903923
  0.90718563  1.43768856  1.10303165  0.26491909 -0.07210138  0.44191273
  0.67502485  0.19117586 -0.1546223   0.4136743   0.24687378  0.08738874
 -0.2356916  -0.79442629  0.52321369  0.04360011  1.36315541 -0.84336934
  0.38957053 -0.03263875  0.54819281  0.5692513  -0.38637137 -0.25506799
  2.04107962 -0.01382037  1.03714383 -0.56193724 -0.17414079  1.26888514
  0.88438623 -0.26665836  1.29956036  1.95363458  0.32122245  0.54846644
  0.07737069 -0.31784274  1.51899627  1.44044054  1.0669872   0.93428961
  1.14612632  0.30468593  0.88217571  0.24852409  0.05392537 -0.79060519
 -0.53990499  0.60815652  0.2464299   0.54377417  1.21135124  1.28018448
  1.01863923 -0.09551009  1.16354212  1.70544855  0.27787635  0.39180027
  0.84614123  0.77563405  0.83663945 -0.42117933 -0.26149331  0.65120542
 -0.55626896 -0.6661454  -0.07615019  0.73829185  1.22340637 -0.18979148
  0.32040995  0.60107752  0.60365516  0.21406766 -0.01384972  1.16004494
  0.41349587  0.25815352  1.31161936  0.75565362  0.18426266  1.20935986
  0.15853981  0.79476722  0.23214728 -0.13226926  0.78378043  1.03566247
  0.30189615  0.51292261  0.10377287  0.47039984  0.21949683  2.03378793
 -0.16126107 -0.07280872 -0.04461653  0.76445529  1.51585499 -0.37973123
  0.18853268  0.22739786  0.45968346  0.42563717 -0.37715635 -0.67562059
 -0.89255955  0.87063916  0.15485748  1.24442236  0.57376961  0.60767622
 -0.2703845   0.54633784  1.08533866  0.30323235  1.17686703 -0.51315158
  0.6343235   0.26470602  1.76608362 -0.50445867  0.64163054  0.13145895
  0.37899935 -0.47248796 -0.81586383 -0.1349134   0.54137414  0.42263399
 -0.67269218  0.76216753  1.42157592 -0.21942058  0.45893477  0.07774576
  0.97369817 -0.67339798 -0.52422611  1.05010923  1.69906613  0.38481617
  1.61152081  0.15792465  1.09377324  0.78364085  0.82930074 -0.32541841
  0.72993209  0.99901962  0.3069165  -0.53404586  1.34380986  1.50212251
 -0.37074803  0.84275673  0.07979106  0.07644022  1.38150273  0.44994824
 -0.19136076 -0.11236086  0.45342688  1.94628385  1.10121092  0.46415138
 -0.05633601  0.34678322  0.3972466   0.12585764  0.37780638  1.04795512
  0.59390197 -0.06128363  0.55902241  1.18824617  0.55136627 -1.39128743
  0.24014763  1.08816414  0.65701608 -0.43350321  0.00316929  0.44538303
 -0.05471036 -0.30127565  0.04220742  2.09944998  0.36665952 -0.406506
 -0.24664152  0.31749253  3.0705087  -0.57332928  0.45704402  1.37599901
  0.16754285 -0.03611521  0.91807666  1.29001352  0.33602902  0.44003421
  0.96873648  0.77598803  0.28070445  0.02770827  1.31047951  0.21081109
 -0.30013383  0.42932468 -0.05033997  0.86752213  1.24677642  1.75391759
  0.44496458  0.72447482 -0.30072023 -0.02549379 -0.17046842  0.49596105
 -0.26934818  0.46824464  1.05229674  0.8215826   0.41234354 -0.75587928
  0.17786091  1.84237254  1.54072168 -0.56175695  0.56574337 -0.3565933
 -0.96219473  0.59352998  1.14711337  0.67550023  1.39301977]

5.5450902467
7.28107664926
7.98544956953
5.40525496564
5.36322686636
5.89581547582
11.2438712339
12.0601966558
