[  4.43489250e-01   4.81474250e-01   4.91006750e-01   9.86139000e-01
   5.11409000e-01   3.29393500e-01   8.26688250e-01   5.87752750e-01
   9.89296000e-01   2.09631000e-01   1.94809000e-01   3.56826750e-01
   6.05584500e-01   6.92597750e-01   4.21177500e-02   9.52101000e-01
   8.05671500e-01   5.51948750e-01   1.69902250e-01   8.59129500e-01
   3.83082000e-01   8.14870250e-01   8.19473500e-01   9.73957000e-01
   1.22219250e-01   1.77150500e-01   3.57026500e-01   4.36671750e-01
   1.87764000e-01   8.75345250e-01   7.17093250e-01   4.35780500e-01
   5.13356250e-01   4.32718250e-01   2.50227500e-01  -2.06542500e-02
   5.73177500e-01   6.06734250e-01   7.54783000e-01   4.65485000e-02
   5.29016000e-01   9.95571000e-01   1.06372500e-02   5.78016500e-01
   2.26980500e-01   4.27919500e-01   6.45668500e-01   1.41078250e-01
   3.35798250e-01   8.04207500e-02   6.07772500e-01   4.28091000e-01
   8.58281000e-01   1.00010775e+00   7.12057750e-01   1.74784250e-01
   8.37382000e-01   7.86874750e-01   3.51660000e-02   9.92364250e-01
   3.64554750e-01   2.14210000e-02   1.49879500e-01   8.40212500e-02
   4.75726500e-01   6.96886000e-01   7.73302500e-02   2.40974500e-01
   1.52398750e-01   9.50738250e-01   4.08072750e-01   9.35609750e-01
   1.01225000e-03   1.01944750e-01   1.32542500e-01   1.89072000e-01
   7.26167500e-01   1.67654250e-01   2.82373000e-01   8.43984500e-01
   5.90084250e-01   7.78228750e-01   9.22690750e-01   6.64797500e-02
   3.81562250e-01   5.43280750e-01   8.82223000e-01   7.68502500e-02
   2.30988000e-01   1.00953825e+00   1.73790500e-01   2.42089750e-01
  -8.62350000e-03   6.33053750e-01   9.84686000e-01   4.18873750e-01
  -4.72500000e-05   6.70801750e-01   4.80637500e-01   2.05001750e-01
   1.07573000e-01   4.27279000e-01   2.64960500e-01   6.94318250e-01
   7.77548000e-01   7.41193750e-01   3.51997000e-01   2.09918750e-01
   5.05632250e-01   2.73295000e-01   7.71552500e-02   8.56547000e-01
   3.12562500e-02   6.52407750e-01   5.38276250e-01   9.02178500e-01
   4.43807000e-01  -1.82800000e-02   5.90127500e-02   1.26755750e-01
   8.18451500e-01   8.52248250e-01   8.23115750e-01   2.18936250e-01
   3.91385750e-01   4.54768750e-01   2.06461750e-01  -6.52050000e-03
   4.58049000e-01   8.30002000e-01   3.92561000e-01   6.56074500e-01
   7.80975000e-01   8.67840500e-01   2.65396250e-01   2.40693000e-01
   8.60095250e-01   6.63060500e-01   7.39825250e-01   3.83270250e-01
   2.47468750e-01   8.61662500e-02   4.43746750e-01   4.19840750e-01
   3.57213250e-01   6.35792500e-02   4.81529250e-01   3.96992500e-02
   4.43373250e-01   9.58257500e-01   9.54883750e-01   5.31372750e-01
   8.40484250e-01   6.92763750e-01   5.41310000e-02   8.97372500e-02
   6.29922250e-01   6.24948750e-01   1.00883375e+00   2.49684500e-01
   7.53340250e-01   8.32125500e-01   8.72477500e-02   9.17875000e-03
   7.87829500e-01   8.03040250e-01   5.58846500e-01   9.07720000e-02
   2.23120500e-01   2.53757250e-01   5.70339500e-01   9.41431250e-01
   6.05318500e-01   3.83376750e-01   8.53757250e-01   7.59492500e-02
   2.22725250e-01  -1.87867500e-02   3.25676000e-01   4.35937000e-01
  -2.55900000e-02   9.46860500e-01   8.61082250e-01   9.07889250e-01
   1.13997750e-01   1.98522500e-02   7.44304000e-01   8.69714500e-01
   1.76493000e-01   7.16914250e-01   4.18596250e-01   8.59525000e-01
   4.17285000e-02   2.72175250e-01   5.19972250e-01   3.64682500e-02
  -3.26932500e-02   2.98887500e-02   9.10298000e-01   3.26667500e-02
   8.75194000e-01   1.61296250e-01   1.01609725e+00   5.66245000e-01
   2.31844750e-01   1.50797500e-01   6.47977000e-01   5.17405500e-01
   1.03825000e-02   6.89742500e-02   1.00722225e+00   8.74292250e-01
   9.96041500e-01   5.05026000e-01   4.28191750e-01   4.71972250e-01
   4.19486000e-01   7.87222000e-01   3.71910750e-01   2.52030000e-02
   9.36104750e-01   4.67184750e-01   9.55638250e-01   6.89061250e-01
   8.69647500e-02   5.40852750e-01   3.24705000e-01   6.98854000e-01
   2.37765000e-01   6.74336750e-01   8.02380000e-02   4.67052500e-01
   2.58625250e-01   3.71072000e-01   4.44210750e-01   4.85286000e-01
   2.06057750e-01   8.25564250e-01   8.38104250e-01   7.02639250e-01
   5.37067000e-01   1.91565000e-01   8.75864250e-01   2.45051500e-01
   2.90210250e-01   8.26201750e-01   8.27737500e-01   8.75871250e-01
   9.91755000e-01   4.91906250e-01   5.32602500e-01   1.49690500e-01
   1.89820750e-01   3.21986250e-01   1.02111250e-01   1.64758750e-01
   6.51513500e-01]
[ 0.3589155   0.937533    0.923821    0.189787    0.5376135   0.434672
  0.2410485   0.81965375  0.77670675  0.813556    0.0548725   0.6776625
  0.35179575  1.01768325  0.3854705   0.097339    0.84463525  0.55828575
  0.03974175  0.83333225 -0.00840125  0.11346625  0.99220125  0.5283865
  0.86553225  1.0269175   0.95412175  0.378811    0.931276    0.95227575
  0.185148    0.83266825  0.26997625  0.22329675  0.4795115   0.01367075
  0.881864    0.1297795   0.62930575  0.355259    0.431046    0.8563965
  0.6879055   0.20629025  0.80930125  0.7974435  -0.01148225  0.1424525
  0.474839    0.5247955   0.58272475  0.75291975  0.6778185   0.70072275
  0.61378075  1.01506475  0.75686925  0.61591425  0.47451125  0.976011
  0.381046    0.00787375  0.2775465  -0.01903625  0.54833625  0.11074175
  0.0376955   0.36750025  0.7649565   0.6188115   0.53778425  0.234741
  1.01899125  1.00018475  0.010385    0.7480215   0.57807125  0.21045325
  0.3814375   0.45180075  0.31418525  0.25064375  0.81510475  0.03961775
  0.19092775  0.09330975  0.10249975  0.028508    0.521499    0.9807755
  0.91687075  0.32342375  0.27171275  0.99035375  0.94455275  0.07909
  0.182867    0.6734585   0.09172425  0.992169    0.92224125  0.092241
  0.6896495   0.44427775  0.4235655   0.897828    0.973164    0.19691425
  0.72537825  0.74445025  0.30537175  0.220435    0.01054475  0.34703775
  0.161191    0.220728    0.5720045   0.57434825  1.02062025  0.76710375
  0.67840425  0.94905825  0.154497    0.70413125  0.42569875  0.76340625
  0.609959    0.219269    0.819693    0.638485    0.67890125  0.483831
  0.59677925  0.06269525  0.48084125  0.59531425  0.9732525   0.69192475
  0.9361335   0.9527165   0.4456675   0.01692425  0.00331925  0.848221
  0.368608    0.92163925  0.67029725  0.0767045  -0.00987925  0.389719
  0.65653075  0.33126975  0.57707975  0.73505275  0.7537445   0.192565
  0.19921425  0.0996055   0.14377375  0.4102965   0.970032    0.48377525
  1.00030625  0.53815375  0.8784435   0.695507    0.8035135   0.4422495
  0.0022975   0.653625    0.54215225  0.56732875  0.70032675  0.2054185
  0.735096    0.53108     0.6950385   0.0290795   0.24825975  0.4055635
  0.35559     0.411623    0.31889375  0.484999    0.24156625  0.16994975
  0.64500075  0.21602725  0.78343175  0.07462125  0.81919025  0.13501975
  0.866424    0.64207825 -0.02201075  0.064126    0.51259375  0.48445075
  0.416505    0.435094    0.6277995   0.70235725  0.4633305   0.2932065
  0.77477025  0.57458225  0.8470295   0.124179    0.8142705   0.65595325
  0.76830575  0.437785    0.763659    0.184504    0.545963    0.60422775
  0.675118    0.41508075  0.29022775  0.38762725  0.43594175  0.38799775
  0.7831125   0.236756    0.4385085   0.841878    0.85267225  0.0254075
  0.463381    0.1189285   0.44871575  1.01595025  0.4372085   0.84403425
  0.95426075  0.88383325  0.41272475  0.09313775  0.9837435   0.007278
  1.013184    0.3743765   0.27823     0.37668925  0.692193    0.89709775
  0.339661    0.5561145   0.33312925  0.59056925  0.95157275  0.46784
  0.09822225  0.14833     0.16589125  0.88040125  0.8192745 ]
[  5.40760000e-02   4.39245000e-02   6.91019000e-01   6.53578000e-01
   8.18085000e-01   7.42271000e-01   3.14212500e-01   1.78503750e-01
   9.74216750e-01   4.33172500e-01   8.08086000e-01   4.44176000e-01
   7.92736250e-01   6.47749250e-01   5.10478000e-01   7.63779000e-01
   8.46296250e-01   2.35115250e-01   2.36613750e-01   6.63457500e-02
   4.55275250e-01   7.20692500e-02   5.52401750e-01   4.73394500e-01
   7.91732250e-01   1.02524900e+00   5.82827250e-01   8.37000500e-01
   9.39945500e-01   7.12879750e-01   5.65239000e-01   2.78950250e-01
   3.54764250e-01   2.08575000e-03   7.56807000e-01   3.20832750e-01
   6.07742000e-01   7.09597000e-01   9.32749750e-01   4.91994000e-01
   7.35798500e-01   4.05668500e-01   1.23147000e-01   5.75375000e-03
   7.05227750e-01   6.48936500e-01   2.71987750e-01   8.87501500e-01
   6.01093000e-01   8.95016000e-01   3.43713250e-01   8.26755250e-01
   4.36225500e-01   6.78350750e-01   3.82446750e-01   3.18024250e-01
   1.61232750e-01   6.15090750e-01   8.53108250e-01   2.52336500e-01
   7.24499500e-01   5.96789750e-01   2.67508000e-01   8.41820250e-01
   1.69209750e-01   6.94661750e-01   1.64479000e-01   8.89750000e-04
   4.41861500e-01   6.39540500e-01   5.27831250e-01   1.09041000e-01
   3.76300250e-01   5.16533750e-01   4.70718000e-01   1.30262500e-01
   7.12475750e-01   3.06992750e-01   4.96661000e-01   6.08347500e-02
  -1.13602500e-02   6.60490750e-01   5.94158750e-01   1.11415250e-01
   2.13625750e-01   5.20398750e-01   8.34512500e-02   1.03324000e-01
   3.96134500e-01   3.94877500e-01   6.28917500e-02   5.62719750e-01
   9.52466750e-01   3.09023250e-01   3.28603750e-01   7.11946000e-01
   8.02431000e-01   5.54366500e-01   4.48111750e-01   3.47873000e-01
   1.77098250e-01  -3.01700000e-03   3.01603500e-01   9.63271250e-01
   1.72808500e-01   1.81469000e-01   1.87102500e-01   8.12732750e-01
   3.46589750e-01   5.93254250e-01   3.87269250e-01   2.92907000e-01
   6.47136750e-01   5.14112500e-02   2.16365000e-02   2.22439500e-01
   6.66035500e-01   4.39891750e-01   1.08399750e-01   1.93810750e-01
   6.05131250e-01   5.43222750e-01   1.00721700e+00   1.00145925e+00
   6.14637750e-01   8.44949750e-01   1.98557000e-01  -2.04760000e-02
   3.99122000e-01   5.96200000e-01   1.12055750e-01   9.45573500e-01
   4.80843250e-01   4.11442500e-02   9.81726750e-01   8.54342500e-02
   6.35359500e-01   7.77467250e-01  -8.22950000e-03   5.97634500e-01
   6.82555000e-01   6.37590750e-01   3.19332750e-01   4.04000000e-04
   7.17078500e-01   7.42910250e-01   9.55911750e-01   4.97432500e-01
   9.79201250e-01   8.59819500e-01  -3.91825000e-03   8.66654250e-01
   5.74200250e-01   1.93747500e-02   7.06285000e-02   5.05141000e-01
   7.43928250e-01   6.33303000e-01   3.89383750e-01   2.84454000e-01
   4.60020000e-02   1.18086750e-01   3.44292500e-02   8.38639750e-01
   6.46967000e-01   4.30226500e-01   8.02155500e-01   7.16677000e-01
   3.40669000e-01   2.98338500e-01   8.88167250e-01   2.00613250e-01
   5.93313250e-01   8.58537500e-01   9.96732000e-01   9.74443000e-01
   8.19780000e-02   3.54550000e-01   8.21859750e-01   3.63074000e-01
   4.21132000e-01   4.97251500e-01   5.60108250e-01   7.45362000e-01
   4.96976750e-01   9.07084750e-01   1.10497250e-01   6.64292250e-01
  -1.72857500e-02   3.66241750e-01   3.58607250e-01   2.11678250e-01
   2.04437500e-01  -7.42675000e-03   2.64332250e-01   3.25750500e-01
   3.23458250e-01   8.78523750e-01   3.46013500e-01   9.01250000e-02
   3.54740000e-01   4.61455250e-01   5.56100000e-01   1.68789500e-01
   1.77797500e-02   8.67603250e-01   7.18788500e-01   9.96027000e-01
   3.00459000e-01   9.05495250e-01   5.18918750e-01   3.35025500e-01
   7.26030000e-01   4.06913500e-01   5.75965500e-01   8.94712500e-02
   7.89091500e-01   2.76991250e-01   1.00213625e+00   5.15170750e-01
   3.22216250e-01   5.72720250e-01   9.40499000e-01   1.00113750e+00
   5.13287000e-01   2.98614000e-01   3.41097500e-02   1.01979850e+00
   9.76148000e-01   2.73425000e-02   9.90119250e-01   7.30832250e-01
   5.69618000e-01   2.57645250e-01   7.94974750e-01   8.59127500e-02
   7.26551750e-01   2.71452750e-01  -1.51200000e-02   4.91899000e-01
   6.55374500e-01   8.05710500e-01   7.54533500e-01   4.99493750e-01
   3.26624500e-01   3.38982250e-01   7.84550000e-02   6.70172500e-01
   4.69035750e-01   5.87016750e-01   4.98502500e-02   6.68077500e-01
   6.95737750e-01   2.17805500e-01   2.87361250e-01   3.26422500e-02
   7.64546500e-01]
[ 0.453618   0.6424145  0.3834095  0.779982   0.4595905  0.8708955
  0.081523   0.600001   0.8355575  0.126627   0.29135    0.412908
  0.6993785  0.5503785  0.821005   0.533676   0.255359   0.8484565
  0.555114   0.6346975  0.32922    0.2304255  0.4248455  0.726414
  0.2765175  0.6130615  0.737091   0.857019   0.180281   0.9362905
  0.6609045  0.0012935  0.3331715  0.474637   0.4959905  0.702819
  1.0064765  0.700956   0.836885   0.4957705  0.1260145  0.9281365
  0.9370485  0.1621965  0.176651   0.153354   0.209838   0.1848465
  0.2085255  0.759578   0.786506   0.280902   0.307944   0.6001415
  0.816435   0.836385   0.0017605  0.297437   0.834732   0.374726   0.875246
  0.839709   0.490304   0.2463765  0.2629665  0.8309625  0.0591675
  0.477897   0.273565   0.830967   0.9178095  0.5097865 -0.0125445
  0.0532915  0.876686   0.3183045  0.9470685  0.698355   0.951236   0.53223
  0.8734205  0.638853   0.106792   0.6925545  0.2766005  0.340913
  0.3289705  0.495892   0.819586   0.6788505  0.081978   0.9209115
  0.3635725  0.3790365  0.5787595  0.155084   0.1200945  0.7133805
  0.987445   0.6547925  0.515165   0.957347   0.2590675  0.4274175
  0.416943   0.571356   0.1534075  0.740642   0.2304855  0.3716365  0.60946
  0.258277   0.5014045  0.406383   0.2188805  0.728944   0.667016
  0.2317705  0.0949645  0.0155705  0.558976   0.361294  -0.0018395
  0.6463465  0.001934   0.866107   0.3051065  0.804446   0.757511
  0.7647345  0.6366845  0.2282855  0.6918285  0.8814675  0.4266205
  0.868216   0.906619   0.123538   0.6769625  0.1415755  0.9910855  0.25133
  0.6780925  0.157033   0.6048415  0.2493155  0.9792765  0.4245355
 -0.009324   0.83553    0.963233   0.033869   0.3423625  0.277878   0.726085
  0.3366905  0.9037955  0.823315   0.0395085  0.73679    0.4444245
  0.0351855  0.30736    0.735779   0.9305685  0.8844015  0.357295
  0.0727345  0.076473   0.7093795  0.909617   0.1769385  0.592947
  0.1092845  0.3010615 -0.001941   0.9122005  0.306187   0.5393745
  0.416243   0.3400825  0.0332255  0.4774795  0.5746585  0.2864315
  0.1610305  0.131124   0.1149165  0.881525   0.5960435  0.063677   0.77304
  0.7327445  0.4848305  0.3490385  0.495962   0.9580365  0.9740965
  0.313059   0.0375725  0.932076   0.197729   0.366939   0.989866
  0.4679245  0.4362655  0.5723445  0.2205405  0.1625095  0.547051   0.867293
  0.6820595  0.780265   0.1203945  0.448997   0.2277705  0.5704615
  1.015739   0.145972   0.5470175  0.797613   0.117936   0.8672795
  0.241421   0.0510395  0.1046135  0.3893265  0.1159005  0.9672585
  0.521668   0.844785   0.540514   0.9697635  0.785854   0.1515355
  0.1253815  0.9707465  0.1458675  0.7497595  0.7975445  0.842582
  0.8282475  0.194535   0.3858895  0.886674   0.5481045  0.73944    0.6565975
  0.1822145  0.574151   0.227572   0.8727085  0.07645   -0.0029945
  0.984634   0.1272895  0.5106925]
[ 0.35804975  0.5976505   0.20588125  0.647594    0.336377    0.91200125
  0.208765    0.53400925  0.2534605   0.10478625  0.26369725  0.31823625
  0.39812325  0.016507    0.36836675  0.8180845   0.95796375  0.69603925
  0.27005025  0.30904475  0.5807395   0.368379    0.47820825  0.028268
  0.694788    0.4465115   0.202411   -0.02009625  0.46297625  0.598948
  0.57896975  0.8078075   0.6158455   0.38060025  0.954842    0.77313375
  0.58642425  0.73432725  0.51528375  0.48016125  0.2856245   0.89801025
  0.86501     0.08960225  0.7235205   0.237891    0.29388175  0.15478075
  0.59828625  0.79954125  0.7223895   0.3748965   0.790832    0.195761
  0.23999375  0.048325    0.93470125  0.333696    0.85321175  0.70935325
  0.18444325  0.87998925  0.38266675  0.27750925  0.19829475  0.0286905
  0.570807    0.4848705   0.889925    0.298106    0.7707735   0.41801575
  0.3201795   0.3547485   0.0990145   0.72301375  0.11998975  0.6834015
  0.60218925  0.03159375  0.33691975  0.72501375  0.71675375  0.09328375
  0.654467    0.07129275  0.28697425  0.8174015   0.99361375  0.80172675
  0.12063325  0.3769915   0.1261695   0.86107625  0.955854    0.8562415
  0.41339525  0.09689425  0.3063345   0.15923675  0.60465175  0.3693245
  0.74063025  0.90028625  0.4787335   0.0898745   0.7988585   0.1227115
  0.23086925  0.090717    0.3029415   0.2403555   0.188194    0.3032615
  0.105269    0.60048725  0.4684375   0.84383525  0.81245525  0.985413
  0.52997525  0.8746905   0.85197575  1.0206525   0.73651625  0.133397
  0.19684425  0.7998305   0.652039    0.54573125  0.66450375  0.221224
  0.1269755   0.2317045   0.01939525  0.92417925  0.080846    0.8566945
  0.53845275  0.91799325 -0.005481    0.796185    0.82454475  0.8332105
  0.8353965   0.551353    0.81953575  0.66655475  0.9559905   0.32770625
  0.85641575  0.560606    0.23004225  0.36398475  0.4352755   0.29694025
  0.400796    0.26961175  0.8071845   0.52420275  0.44018125  0.23350575
  0.96252525  0.34725075  0.1870275  -0.0290795   0.4760075   0.8376945
  0.85096725  0.559827    0.73212075  0.70107575  0.153935    0.98148775
  0.39921325  0.878156    0.115001    0.59648075  0.080747    0.47845675
  0.82671675  0.589262    0.27100325  0.26324975  1.01784075  0.758301
  0.603468    0.0899405   0.1967005   0.10825825  0.93058475  0.759948
  0.2251335   0.774649    0.724445    0.48373025  0.63084325 -0.019964
  0.67140525  0.69435125  0.26250325  0.72107375  0.15037475  0.966183
  0.65306475  0.112467    0.00830425  0.23365475  0.5683195   0.17234075
  0.90695175  0.922706    0.842464    0.50916     0.26168325  0.02654175
  0.3303675   0.0395855   0.1294275   0.82549075  0.798048    0.0582445
  0.4812565   0.26725675  0.8359815   0.79554375  0.59680475  0.05933225
  0.13010075  0.5420645   0.01603     0.22594725  0.2166685   0.67512275
  0.6121525   0.43834125  0.5282545   0.233654    0.3210945   0.98723975
  0.49735025  0.66968275  0.91251875  0.08133225  0.94261625  0.21317475
  0.739557    0.10489075  0.29302325  0.0013645   0.686604    0.501303
  0.2681555   0.040397    0.10307225  0.8959575   0.01149575]
[  4.32454500e-01   8.25494250e-01   2.02876000e-01   6.86940000e-01
   9.16840500e-01   4.49494750e-01   2.45857750e-01   6.30827250e-01
   6.58984750e-01   2.63337250e-01   7.81082750e-01   8.16986000e-01
   5.85023500e-01   1.93700000e-02   7.39373500e-01  -1.20100000e-02
   6.33621000e-01  -4.87025000e-03   7.23217750e-01   6.04359000e-01
   1.98966750e-01   6.96019000e-01   3.30111000e-01   8.68260000e-01
   7.33415500e-01   5.01087000e-01   4.32686250e-01   4.47182000e-01
   3.90610750e-01   9.65230000e-02   4.07247000e-01   2.77215750e-01
   4.79583500e-01   7.10875750e-01   8.02505000e-02   3.00738750e-01
   6.06863250e-01   5.96449000e-01   7.55657500e-01   3.37237500e-02
   3.36355500e-01   9.22744750e-01   1.13617500e-02   3.19679500e-01
   7.11524750e-01   3.85341000e-01   3.20960000e-01   1.07648000e-01
   5.17874500e-01  -1.40695000e-02   3.85434750e-01   1.61145250e-01
   1.00680500e+00   3.05154000e-01   5.00195250e-01   8.95411000e-01
   8.81241000e-01   8.63429000e-01   5.91915500e-01   4.68053500e-01
   8.67631000e-01   5.55064500e-01   1.17333250e-01   1.88331750e-01
   1.53371500e-01   8.77121250e-01   3.52979750e-01   5.30719250e-01
   5.61588250e-01   5.45423250e-01   8.27390500e-01   9.89611500e-01
   6.76372000e-01   2.20960500e-01   3.66867000e-01   1.79520250e-01
   5.55677000e-01  -1.53695000e-02   3.99237250e-01   6.73005000e-01
   3.33511250e-01   8.40981750e-01   9.42767750e-01   3.22710250e-01
   6.49435500e-01   7.11211750e-01   3.03496000e-01   8.03275750e-01
   9.26293750e-01   2.92991500e-01   4.29880500e-01   8.31450000e-01
   4.52751250e-01   7.85312750e-01   4.84643250e-01   1.58394750e-01
   2.22879500e-01   9.60469000e-01   4.69722750e-01   7.52234000e-01
   4.52422000e-01   8.13009000e-01   9.62390250e-01   1.17198250e-01
   4.99037000e-01   8.29461750e-01   2.66675500e-01   4.96249000e-01
   4.64124250e-01   9.69947250e-01   3.85719500e-01   4.69048000e-01
   8.95305000e-01   7.69552000e-01   7.28268750e-01   1.18075750e-01
   6.16176500e-01   8.71780000e-02   1.45255250e-01   2.03295500e-01
   3.69659000e-01   1.15923500e-01   1.00313000e+00   1.87976500e-01
   7.31432750e-01   3.17126000e-01   3.23182500e-01   7.44152500e-01
   1.01717600e+00   7.34299750e-01   3.92576000e-01   5.59980000e-02
   1.93804250e-01   1.48709250e-01   4.78652250e-01   8.01250000e-03
   2.42332250e-01   3.93447250e-01   7.53819500e-01   6.74975000e-01
   6.31842750e-01   8.65777000e-01   8.70236250e-01   1.63372250e-01
   8.29320250e-01   4.61118500e-01   9.69072500e-02   7.78526500e-01
   5.56156500e-01   8.18457250e-01   8.48558750e-01   5.60883000e-01
   1.01047475e+00   9.51148250e-01   9.68505000e-02   9.34777500e-01
   4.66822000e-01   5.26482000e-01   2.47198000e-01   1.74430750e-01
   1.00103500e-01   1.84440000e-02   1.00894725e+00   9.71539750e-01
   4.13660000e-02   1.60061250e-01   8.17078500e-01   4.10988500e-01
   3.37901250e-01   1.06656250e-01   7.84151500e-01   6.61248750e-01
   4.45553750e-01   6.49014000e-01   6.28852000e-01   5.68513750e-01
   8.67189750e-01   6.74120500e-01   8.26891250e-01   6.16976250e-01
   2.62432500e-02   2.58892000e-01   6.89864250e-01   4.88440500e-01
   2.84402250e-01   2.21857500e-01   9.27489750e-01   1.00633475e+00
   1.00384075e+00   8.23330250e-01   7.17627250e-01   3.33634750e-01
   6.65320000e-02   3.26628000e-01   7.81685000e-02   6.23226500e-01
   9.12566250e-01   6.62235000e-01   4.08194750e-01   3.85478500e-01
   2.24529750e-01   7.40711750e-01   7.47504500e-01   7.15455500e-01
   6.81584250e-01  -8.32525000e-03   4.46711250e-01   2.26703250e-01
   2.47557500e-01   5.42330250e-01   4.08206750e-01   7.24148250e-01
   7.79005000e-02   1.12650000e-02   5.03509000e-01   1.75575000e-03
   7.63230500e-01   1.33853250e-01   1.23538000e-01   4.49810000e-02
   9.69186000e-01   8.17670000e-01   4.64259750e-01   5.68159000e-01
   7.71552250e-01   1.24846500e-01   4.98340000e-01   9.20065750e-01
   1.85822750e-01   9.65217500e-02   3.02895250e-01   2.33408000e-01
   1.02990375e+00   7.26855000e-02   7.53166000e-01   3.79544500e-01
   4.29902500e-01   8.35493000e-01   8.20625750e-01   9.89750000e-01
   5.29689250e-01   2.66594250e-01   6.94908000e-01   5.85684000e-01
   2.14949500e-01   5.06383250e-01   6.77900000e-01   2.02104000e-01
   8.63271000e-01   6.53645000e-01   6.52699750e-01  -2.69500000e-04
   7.34810000e-01   9.82214750e-01   9.35737750e-01   1.11487500e-01
   4.72204750e-01]
[ 0.56986025  0.737921    0.55819325  0.240603    0.809601    0.02289725
  0.7057155   0.70449425  0.4293025   0.52054375  0.77887175  0.60257375
  0.14985375  0.600854    0.01299225  0.172309    0.76159325  0.61384475
  0.96402625  0.24389925  0.60277     0.3008255   0.00408425  0.1572965
  0.369555    0.3433185   1.0202235   0.68419475  0.80692175  0.101784
  0.14211775  0.277252    0.7229445   0.54837575  0.048688    0.24406275
  0.76735975  0.13797925  0.55490825  0.71467125  0.0618875   0.75180225
  0.680348    0.55438825  0.050215    0.4087965   0.73604175  0.15219925
  0.54895725  0.18958025  0.1198185   0.1538385   0.9298805   0.6192945
 -0.00850825  0.107029    0.23997325  0.0979135   0.58916625  0.88476075
  0.40910075  0.91244725  0.42577175  0.32680875  0.74041125  0.824233
  0.7431075   0.134065    0.0800685   0.123046    0.3991585   0.14687825
  0.3339035   0.2754785   0.3237415   0.51917375  0.28197225  0.675807
  0.85579625  0.53572025  0.54659625  0.78613975  0.90997275  0.47030675
  0.231156    0.93409725 -0.02515225  0.5728615   0.83553875  0.66825075
  0.92965725  0.573781   -0.014898    0.48580625  0.2305685   0.7962
  0.41396475  0.42870075  0.4271675   0.53864025  0.29111675  0.3944505
  0.25560625  0.01353025  0.264924    0.085493    0.7556      0.975297
  0.15680175  0.4260625   0.9163915   0.8214645   0.8913895   0.746613
  1.0029435   0.94978525  0.307637    0.72390775  0.82502025  0.094717
  0.65986325  0.279056    0.21329275  0.2629675   0.94136975  0.4275495
  0.66355325  0.195051    0.312027    0.51148575  0.93410375  0.3911235
  0.134608    1.0129475   0.34231275 -0.00324575  0.312629    0.88359
  0.06142375  0.23720025  0.7599585   0.3811365   0.76939875  0.5990345
  0.017415    0.226707    0.50401625  0.25230175  0.957762    0.87354575
  0.85702975  0.7415925   0.65904725  0.54501175  0.766916    0.47321775
  0.9466255   0.85706925  0.4611395   0.79153225  0.90111875  0.02202825
  0.74695375  0.83000875  0.2075845   0.761136    0.4342935   0.6535595
  0.84519375  0.118368    0.79397875  0.93706725  0.4270915   0.72058075
  0.41897425  0.0340375   0.599132    0.63674275  0.655823    0.61537825
  0.63098425  0.7611015   0.11636375  1.00237775  0.56867975  0.3802335
  0.126884    0.686949    0.0425865   0.53554725  0.69305325  0.4929515
  0.0257355   0.7183445   0.7799055   0.73607575  0.02446425  0.5669105
  0.12203125  0.46698575  0.31403575  0.27994925  0.41961125  0.966985
  0.98668125  0.0915985   0.03599575  0.08054275  0.310615    0.11775325
  0.62280575  0.669169   -0.0238775   0.5449155   0.42996375  0.06888175
  0.146146    0.6168675   0.8082655   0.96963825  0.2752335   0.9659485
  0.425918    0.89981625  0.3836415   0.47741025  0.42247175  0.53708425
  0.21079625  0.2782415   1.0073655   0.37597725  0.6869175   0.49957325
  0.9865445   0.43319925  0.865683    0.0894835   0.289125    0.86800275
  0.38282525  0.54337375  0.00273275  0.65952075  0.90545825  0.46671225
  0.750606    0.52691325  0.26784325  0.4425535   0.225437    0.4269725
  0.104759    0.8293835   0.86800175  0.6206665   0.00840875]
[ 0.36953675  0.483588    0.38379325  0.265377    0.6704835   0.24837475
  0.7361895   0.884758    0.33247525  0.55834625  0.22723075  0.76063075
  0.4375045   0.40486025  0.79019625  0.5347215   0.86486     0.89118
  0.871334    0.679192    0.32834775  0.66394525  0.4786745   0.6040235
  0.70624025  0.1167045   0.08361275  0.07921725  0.61022475  0.88595375
  0.29328075  0.00903225  0.49035825  0.1374105   0.483683    0.1953965
  0.29009275  0.36417775  0.300427    1.02187175  0.6642575   0.02167025
  0.724542    0.374073    0.02657925  0.680318    0.8431045   0.65949325
 -0.02537375  0.11513775  0.29164075  0.87145175  0.8022135  -0.01953225
  0.703599    0.77497675  0.71684     0.31964475  0.548189    0.53239475
  0.80347875  0.0467055   0.46899025  0.9841685   0.6216835   0.30670325
  0.4044335   0.77308375  0.3656365   0.8133675   0.21117975  0.59631625
  0.96578575  0.73685775  0.9000455   0.25263175  0.908578    0.41270575
  0.56106975  0.260831    0.316643    0.4596485   0.8117595   0.303632
  0.21222525  0.605496    1.0275375   0.651887    0.79634625  0.94298925
  0.734298    0.08863275  0.03684875  0.1663375   0.26233225  0.76417
  0.62441525  0.83192875  0.38885675  0.94005275  0.629732    0.379366
  0.43609225  0.4797005   0.9664405   0.753324    0.593195    0.62553475
  0.600119    0.54063725  0.54569125  0.290966    0.57476925  0.14333375
  0.3035345   0.86736175  0.498886    0.9873485   0.354272    0.62333375
 -0.0204605   0.24450675  0.99861125  0.70753025  0.547025    0.37269575
  0.91633575  0.4342475   0.504383    0.62906175  0.308614    0.39789
  0.48418625  0.09349125  0.955055    0.5513965   0.1088665   0.88027775
  0.74161225  0.06463475  0.866903    0.75489025  0.371329    0.628884
  0.720127    0.75337725  0.652526    0.06424525  0.94671975  0.04696475
  0.4472665   0.64375275  0.976309    0.024786    0.936369    0.24093075
  0.77889625  0.44566475  0.31297825  0.19860925  0.83479775  1.006849
  0.6722305   0.8194495   0.2802135   1.014707    0.24081     0.1953245
  0.27337775  0.1400485   0.519473    0.7242965   0.53151425  0.23230025
  0.77631375  0.8697615   0.006735    1.03162625  0.75136875  0.65837125
  0.87484125  0.981784    0.775205    0.51302325  0.230105    0.42169075
  0.72123225  0.61182525  0.87270825  0.0290435   0.998664    0.96420275
  0.4172645   0.01872125  0.50614875  0.49466075  0.240731    0.16385875
  0.29249325  0.48772625  0.03912175  0.3954275   0.96004275  0.2932695
  0.2863505   0.20501125  0.72284925  0.98094725  0.2758865   0.020102
  0.910296    0.5448145   0.6975175   0.0878215   0.37572675  0.809379
  0.856099    0.72466075  0.00852225  0.3648715   0.73565675  0.59229825
  0.7220365   0.52639225  0.659025   -0.01375875  0.07157     1.01355725
  0.17872775  0.1008965   0.72985125  0.5203185   0.201295    0.754013
  1.00315525  0.3985015   0.57007925  0.68534725 -0.0073325   0.38564675
  0.04192775  0.30044975  0.05667775  0.966339    0.81127425  0.6133435
  0.0966435   0.03733625  0.299728    0.04879375  0.56366175  0.8836775
  0.58204475  0.8928775   0.5431905   0.76679675  0.29186375]

6.82673103771
6.72677581162
6.64392285363
6.66777959136
6.66012823313
6.61960289751
6.61727574892
6.63171854153
