[ 0.42352724  0.1762798   0.73658255  0.20930301  0.66431275  0.83676052
  0.45833992  0.7789193   1.09638094  1.07036266  0.40713561 -0.03024509
 -0.03629039 -0.05795817  0.9554448   0.23900138  0.67341416 -0.00842699
  0.76617833  1.22708669  1.01209888  0.48798281  0.9633939   0.13023116
 -0.2432682   0.25013369  0.77096626  0.89440483  0.40945251  0.13771495
  0.2038972   0.1715151   0.32837675  0.40825473  1.11137523  0.42571414
 -0.01427966  0.27789777  0.8134363   0.56843297  0.28241205  0.06755263
  0.75154729  0.13346903  1.11507508  0.14843152  0.14629435  0.54732177
  1.00393959  0.08341714  0.91288733  0.45655158  0.43452504  0.87144813
  0.65579962  0.02226888  0.46031291  0.81496678  0.86268908  0.8576302
  0.70960793  0.88119536  0.00539677  0.30851964  0.70595033  0.55177049
  1.21451976 -0.12104343  0.67772751  0.47820539  0.76696177  0.67129329
  0.79870653  0.52302258  0.25499492  0.8670522   0.17006108  0.64333062
  0.71217307  0.20112012 -0.20534482 -0.07914267 -0.00859055  0.30187348
 -0.20877622 -0.24674228  0.62605741  0.78241264  0.3041692   0.71720878
 -0.02238928  1.30531311  0.7330517   0.54321052  0.19749401  0.92422376
  0.41262747  1.04941616  0.79332753  0.7508127   0.04384405  1.07924214
  0.2394864   0.16170572  0.64155022  0.16686228 -0.02663426  0.9693425
 -0.09781666  0.53513744  0.66689382 -0.02970017  0.69234335  0.71596858
  0.69838503  0.64015018  0.25809805  0.81698836  1.40231673  0.4682135
  1.04951137 -0.13716414  1.17424696  0.03797983  0.66169305  0.19126046
 -0.11791841  0.96678872  0.09292995  0.31843215  0.02128483  0.07010173
 -0.10229601  0.09078554  0.84655435  0.01959196  0.75888895  0.07856753
  1.19224989  0.16405666  0.60872115  0.25213398  0.37462172  0.09827684
  1.14899824  0.22478237  0.66185541  0.67661083  0.23362286  0.80624012
  0.13257283  0.89261401  0.63290064  0.17919174  0.64669562 -0.00981707
  1.02561132  0.49956673  0.19675228  1.21511289  0.67166625  0.82397314
  0.04534742  0.02191587  1.09456715  1.03524875  0.78367601  0.42122235
  0.87485131  0.84419273  0.49162166  0.5182562   0.36615973  1.0867371
  0.36634744  0.60657846 -0.13437445  0.62349025  0.95926848  0.2286579
  0.26946846  0.27389791  0.66248153  0.97456931  0.65406698  0.20765297
  0.31660162  0.42156121  0.27233332 -0.04454765  0.17460624  0.5888291
  0.72409108  0.45965711  0.51258965  0.37821741  0.2576521   0.31322071
  0.23717351 -0.02233407  1.17694182  0.46690713  0.63856327  0.5435675
  0.89198649  0.19548256  0.40443185  1.02171088  0.34854485  0.64032864
  0.83586258  0.46722526  0.97848223  0.25172696  0.46212456  0.72827244
  0.29630992 -0.06991624  0.93236927  0.24247845  0.41408181  0.88825756
  1.1950902   0.59755473  0.79573896  0.17020165  1.08965306  0.11624302
  0.10243884  0.99756236 -0.10598108  0.85129629  0.90122976  0.34843501
 -0.06197165  0.70400862  0.74016424  0.24930814  0.79116344  0.87469878
  0.39385387  1.05427966  0.95088997  0.87560859  0.33537767  0.46252289
  0.26286013  0.9746612   0.11266614  0.16414468  0.19092011 -0.01409321
  0.90843698  0.49699687  0.83009799  0.68666086  0.67401261]
[ 0.10671736  0.14864243 -0.62964237 -0.35564464  0.86133117  0.42038818
  0.71075091  0.10670395  1.46597876  0.21563956  0.16278432  1.08649949
  1.30745332  0.6645829   0.84437464 -0.20145032  0.0119007   0.51492427
  0.9245525   0.06850728 -0.42774203  1.20575965 -0.15448336 -0.34776286
  1.7538746  -0.01290915  0.02252479 -0.36987178  0.56739532  0.33386952
  0.55720891  0.97292691  0.13969115  1.27368759 -0.14918398  0.51643627
  1.41032398  0.72870657 -0.24984736 -0.39993271  0.32615087  1.31017501
  0.47705066  1.4629942  -0.18369804 -0.15395455  0.16195839  0.32823643
  0.03043298  0.51934404  0.0483796  -0.58921604  0.68936443 -0.11836724
  0.62400935  0.89525359  1.16417665  1.31397935  0.34886843  1.33903838
  1.65531116  0.41557307  1.97061787 -0.46325332  1.63789635  0.45629545
  1.02214889  1.77930354 -0.68904102  0.94563894  0.82254878  1.71789954
 -0.19468196  0.29104476  0.87485829  0.50086984  0.84372825 -0.32226051
  0.9091784   1.28436276  0.05776775  0.46445289  1.78642849  1.399302
  0.59438345  0.25753398 -1.10543064  0.32698832  0.23250406 -0.66262802
  1.49388486  0.30162147  1.44741185  1.02700981 -0.10664913  1.31573183
 -0.07750817  0.48549976  1.12816972  1.47202936  1.08132142  0.00372839
  0.57868866  0.28452024  1.34722361  0.78805529  1.0138953   0.57233753
  0.12523096 -0.90162803  0.66760547  0.79329366  0.68737626  0.70113011
  1.08143991  0.25375705  1.63870293  0.54681746  1.24059364  0.02177189
  0.81062546  1.17446487  0.97021461  0.30261386 -0.52020712  0.36547435
 -1.03098454 -0.52184442  0.6439903  -0.14162942  0.12676902  1.24774818
  1.03733334  0.02600335  0.41755045  0.15968664  0.04543692  1.014453
  0.80222702 -0.6209065   1.13530249  0.45810285  0.51431835  0.01357831
 -0.18654112 -0.46130962  1.35164219  0.83163353  0.79164644  1.66968288
  1.02848207  0.37732806  0.74680102  0.5534648   1.86935522  0.51025316
  0.88892015 -0.05232593  0.26008458 -0.76987733  0.17894925  0.28820622
  0.73143853 -0.31895655  0.11300765  0.28620844  0.06090068 -0.79759971
 -0.01549157  0.53886356 -0.4297738   1.8951362  -0.87813365  1.11714957
  0.50770729  0.81416001  1.51790958  1.5504069  -0.55507481 -0.06257224
 -0.54739059 -1.04933147  0.82829475  0.32147989  0.27137411  0.1089423
  1.22489304 -0.35950985 -0.78455339  0.55978387  0.13498462  2.11071288
  0.29605163  0.88347588  0.82955938 -0.1211496   0.26584394  1.16087928
  0.70663283  0.09566831 -0.31663677  1.07700561  0.848586   -0.26848478
 -0.30424631  0.31732898  0.3454409   0.24706268 -0.11935497  0.21144649
  1.5594887   0.83599462  0.11645103  0.92331862  1.79548345 -0.29993659
  0.33879185  0.58650668  0.32057941  0.75149774  0.62795459  0.3748464
  1.57685386 -1.50930325  0.35962605 -0.28078461  0.58931922  0.97400221
  1.05281045 -0.03374018  0.07633157  0.25987844  0.42095579  0.56206225
  0.25464446  0.53607313  1.09891731  0.83542302  0.17697026  0.12026433
 -0.1255419  -1.30427481  0.77278106 -0.22950955  0.55700417  1.18505403
  0.33882245 -0.28342806  1.39869824  0.19180917  0.51715712  0.59266685
 -0.60166322  0.18165647  1.88307566  0.78773512  1.18155259]
[ 0.09119907  0.46702492  0.09773411  0.44040217  0.32884757  0.23580905
  0.12077638  0.56152756  0.29835974  0.73374518 -0.04458985  0.65102429
  0.26512896  0.96797755 -0.07882664  0.43800292  0.13232699  0.41311473
 -0.1162108   0.28603873  0.73522018  0.92006021  0.32306027  0.5402241
  0.7650316   1.0693886  -0.21588569  0.04837981  0.03462819  0.75643552
  0.14297857  0.47118263  0.88096105  0.82258649  0.72347641  0.02719159
  0.56492388  0.84492433  0.18613674  0.93322691  0.85128802  0.62841143
  0.74441428  0.25165796  0.05715533  0.31201073  0.85936964  0.24308011
  0.01666563  0.0887487   0.0780576   0.34966832  0.41294474  0.10444835
  0.30825894  0.20815754  0.88038674  0.01663659  0.53221336  0.87833749
  0.0630385   0.34831914  0.6452943   0.12713222  0.06547342  0.63516754
  0.71355853  0.47668194  1.05793206  0.5553734   0.85141548  0.16344241
  0.24050738  0.83792804  0.62427222  0.17757198  0.87145633  0.35543925
  0.66132926  0.72029703  0.97694449  0.48530579  0.93523612  0.40971105
  0.2542518   0.90996032  0.4283496   0.95814298  0.89472443  0.76829155
  0.01070896  1.02003238  0.6483365   0.77048615  0.06345948 -0.09975655
  0.93665833  0.41562454 -0.01583629  0.70590884  0.38571661  0.59650153
  0.91219986  0.35543526  1.11166988  0.5984748  -0.03003339  1.16162783
  0.57030082  0.95996219  0.05614607  0.01574153  1.03884551  0.6306664
  0.12514726  0.8241037   0.86552329  0.95162082  0.47397214  0.19105018
  0.05859693  0.13717295  0.03036926 -0.06639297  0.86568305  0.43346324
  1.11730135  1.04244993  0.18038105  0.1452645   0.41275522  0.89160929
  0.45022029  0.13874551  0.93312389  0.19002129  1.04966099  0.23739744
  0.8890555   0.88031891  0.60113885  0.21518337 -0.00147709  0.08314391
  0.34640145  0.34483182 -0.13576831  0.62131278  0.55349301 -0.09428996
  0.0771248   0.97794093  0.55596845  0.17357694  0.25377391  0.71836906
  0.01874035  0.66815601  0.9144421   0.79511511  0.19578277  0.56445046
  0.42975019  1.03747126 -0.05709278  0.37465679 -0.03183359  0.56897028
  0.77971362  0.90358446  0.31452703  0.76589695  0.51926872  0.35148284
  0.31446367  0.83952909  0.75501491  0.46018217  0.16872933 -0.03715805
  0.75532356  0.13393474  0.73199496  0.31862933  0.6524122   0.93894786
  0.26127713  0.5319169   0.47329722  0.65137189 -0.00666626  0.19339689
  0.83600214  1.06345143  0.83326047  0.74823174 -0.09734181  0.1826246
  0.77010481  0.83293546  1.13065844  0.38985734  1.17703482  0.79190965
  0.38130542  0.40169974  0.87139766  0.59709691  0.84691284  0.98309094
  0.62792571  1.14815125  0.45265851  0.09017356  0.11157408  0.26905071
  0.08421473  0.87362159  0.78563699 -0.16794334  0.16182529  0.703393
  0.09191308  0.87849572  0.13504166  0.9989728   0.60009142  0.84503595
  0.81447761  1.1668367   0.38037609  0.62594981  0.8444167  -0.0064463
  0.39843736  0.67862246  0.1551829   0.64281373  0.1799747   0.84643049
  0.55734148  0.81489265  0.7622147   0.16576119  0.95005598  0.8048109
  0.17789311  0.59850066  0.91869372  0.97353904  0.25605049  0.93417064
  0.2238649   0.79227859  0.72798097  0.96337013  0.571658  ]
[ 0.75077364  0.07111662  0.11996115  0.16172334  0.73541236  1.05879473
  1.21640035 -0.05497679  0.1191597   1.21756557 -0.0303985   0.1991226
 -0.12687816  0.11824909  0.22661947  0.75290745  0.61342341 -0.37491414
  0.62594697  0.58796599 -0.29122043 -0.08244655  0.00261997  1.26684397
  0.91968008  0.62983767 -0.11850894  1.19937996  0.46774737  0.02508955
  0.20926107  0.19621353  0.32317987  0.98756669 -0.09796671  0.48162911
  0.61472717  0.49047539  0.51982036  0.78339556 -0.02782786 -0.13586654
  0.96694602  0.10892095  0.21179506  0.80952158  1.18804052 -0.25176011
  0.81785619  0.98816528  1.45220976  1.7433202   0.58392094  0.5460622
  1.33486773  0.39596488  0.58508154 -0.0953424  -0.02513451  0.85578245
  0.65712804  0.50647707  0.57732074  0.59507513  0.67561856  0.36991663
  0.49111404 -0.04380045  1.18095427 -0.26465054 -0.36017208  0.2475175
  0.65880227  0.29202718  0.49824829  0.99981875  0.5282092   0.25889358
  0.37019766  0.80969637  1.62849412  0.38012959  0.99016849  0.61370169
  1.63074804  1.0360723   1.07394293  0.21626064  0.45284752  0.17922617
  0.7350938   0.73668471  1.62330205  0.51477918  0.34465315 -0.40168331
  0.53944651  0.82895089  1.37489374  0.80434469 -1.1248546   0.39604118
 -0.27435999  0.09161023  0.95176342  0.30412348 -0.06902455  0.63535513
  1.38165184 -0.00854009  0.00688966  0.26444563  0.38996907 -0.14088198
  0.8085853   0.87914354  0.09515833  0.68944848 -0.16370281  0.39250474
  0.26258888  1.14825413  0.6859103   0.21391826  0.9828648   0.63623506
  1.66829329  0.87388984  0.56216426  0.78369893  0.43010968  0.57084298
  1.39672078  0.15114614 -0.31406199  0.44982064  0.18795181 -0.58648024
 -0.12655159  0.88571259  0.90639918  1.30912306  0.27360332  0.54056493
  1.69271482 -0.23405058  0.38305039  0.58060101  0.70480474  0.72014903
  1.61086657  0.53318723 -0.17609447  0.72243119  0.40438066  0.34568888
  1.26244752  0.60543469  0.48468305  0.87341612  1.13063932  0.5914713
 -0.06275031  0.63718051  0.16903271  1.03996776  0.35480804  0.90718163
  0.42785777  1.09322575  0.77947523  0.49420412  0.40826027  0.24274478
  0.53452323 -0.17262131  0.50990773  1.02831796  0.35383524  0.35556913
  0.68299279  0.82247073 -0.64530671  0.81052227  0.53148807 -0.32117467
  0.88177656 -0.35359922 -0.01570397  0.91647811 -0.05402519  0.14294756
  0.34145581  0.65151065 -0.21376686  0.5343      0.13948105  0.66851393
  1.42997052  2.43766858  0.79206188  1.63944358  0.5006618   0.84884125
  0.7599438   0.41345881  0.17908159 -0.80713577 -0.12508186  0.87722509
  0.74055728  0.16509252  0.57952299 -0.36857482  0.22159548  0.46344195
  0.08540053  0.9671181  -0.12189631  0.15606441  0.14402324  1.45262639
  0.22606036  0.36259685 -0.43231401  0.35536285  0.63322786  1.29072241
  0.03623012  0.79590946  0.45175336  0.14567961  0.51482647  0.4612743
  0.61317119 -0.29756478  0.98126247  0.4153062  -0.23663167  0.58050203
 -0.11399256  0.8626889  -0.21733435 -0.37856191  0.79864738  1.64422361
  0.91015481  1.00178442  1.14733557 -0.15391208  1.06118992  0.67537991
  0.58442541  0.67464399  0.27585031  0.00437801 -0.18254641]
[ 0.61715283  0.58913391  0.72267712  0.08792233  0.7535962   0.92186922
  1.02247     0.63398837  0.80352084  0.86997224  0.33042178  0.00731386
  0.15248106  0.17507563  0.57737263  0.1118663   0.95904903  0.20266179
  0.88880753  0.563913    0.55016811  0.4825622   0.42099906  0.73254444
  0.01341319  0.56965627  0.25937908  0.93631078  0.17787995  0.58812386
  0.05883889 -0.05831389  0.62107172  0.25429882  0.72262206 -0.29094502
  0.33054944  0.54571485  1.05133249  0.7878798  -0.07043816  0.03460633
  0.9870749   0.4018181   0.63698499  0.03447216  0.00855642  0.68192431
  0.70951802 -0.10387316  0.93209145  0.5339282   0.92683602  0.89335979
  0.46189182  0.17156573  0.69598155  0.73623633  1.09990673  0.89467249
  0.57036343  0.45016852  0.34268893  0.49170607  0.64515438  0.67384825
  0.51053672  0.22109071  0.88392889 -0.00639867  0.53907323  0.15491077
  1.0661447   0.20653244  0.3688777   0.7788026   0.2899453   1.06052058
  1.01432366 -0.07183047  0.3404647   0.06391697  0.28466583  0.44111342
  0.14607565  0.32094844  0.76100338  0.77397484  0.1649768  -0.04508064
  0.35752597  0.62357609  0.86667109  0.51100773  0.01030349  0.79408519
  0.29191007  0.88354839  0.45783887  0.45877666  0.55440935  1.09020279
  0.12712745  0.56029131  0.36406528  0.34902021  0.52033172  0.58627163
  0.10058785  0.62300346  0.69373814  0.24642766  0.63313687  0.62160628
  0.58250776  0.90818454  0.61842574  0.64031694  0.42702254  0.46317843
  0.51416258  0.14573293  0.75373819  0.12758865  0.15186891  0.05082521
  0.30167287  0.76025812  0.5231859   0.82817107  0.37290234  0.27033199
  0.13470903  0.21592244  0.41747014  0.46549684  0.25809604  0.16925921
  0.66737914  0.12249477  1.23819607  0.1363261   0.55184715 -0.07337092
  0.63929248  0.33290479  0.3521298   0.65177181 -0.05326263  0.33148165
  0.58087932  0.54122783  1.12976852  0.43462397  0.85137545  0.09672115
  0.57599188  0.50322572  0.31500943  0.47897211  0.70884178  1.08438605
  0.29943082  0.2257323   0.68687464  0.89377501  0.95403995  0.73438573
  0.86049045  1.0834123   0.4728036   0.70347138  1.05698676  0.48505635
  0.38850561  0.7369199   0.46562296  0.86437015  1.07883207 -0.05218683
  0.22413141  0.20599076  0.13443352  1.02033153  1.17524259  0.15607082
  0.30978436 -0.10320145  0.88805076  0.24014643  0.37221537  0.55758886
  0.95820351  0.66032077  0.23920324  0.64633493  0.24957642  0.26799934
  0.20053207  0.69940943  0.81985712  0.30803411  0.93317744  0.62250216
  0.37719224 -0.07113777  0.69327726  0.82944523  0.69981975  0.78244601
  0.98048237  0.59110276  0.82140518 -0.04171936  0.44448033  1.13006555
  0.80197483  0.13338744  0.65285364  0.38606557  0.95239877  0.73380666
  0.6956446   0.37551876  0.76587631  0.0138339   0.76913068 -0.02884389
  0.26597193  1.01647872  0.17708828  0.97976883  0.95547127  0.3073846
  0.33784429  1.16810666  0.31952909  0.18087707  0.8974014   0.89059467
  0.65423197  0.67730546  0.51703453  0.82834759  0.78220731  0.86751916
  0.31605651  1.0217483   0.36866337 -0.03201378  0.48347214  0.17545917
  0.5590922   0.74568907  0.97882503  0.5486925   0.83152252]
[ 0.18872298  0.77483205 -0.9625788  -1.05406896  0.01554101 -0.44856065
  0.79001631 -0.44624012  0.24867181  0.74085217  0.67941819  0.83031724
 -0.76075051  0.22965566  0.29523258  1.67883129  0.61509771  0.64175439
  1.13565565 -0.43392071  0.21101947  0.06575591 -0.44157792  1.54955142
  0.03694886 -0.18694109  1.6517399   1.61720031 -0.1643669   0.64902556
  0.39683632  0.34237482 -0.21826699 -0.97749069  0.07272597  1.46497901
  0.60029209  0.69399169  0.22940975 -0.37522549  0.67599105 -0.4727162
  0.65120361 -0.17617119  0.69792362  1.09030145  1.22289592  0.88361969
  0.65812776  0.85545053  1.05625755  1.0098526   0.22357223  1.18397445
  0.58354133 -0.10476316 -0.12658958  0.45833143 -0.46436053 -0.25975941
 -0.01582101  1.65802232  0.98176164  0.99203203  0.62785404  0.94167521
  0.81659161  1.27642041  0.21129862  1.85353297  0.46253654  0.02803229
  0.11865938  0.83253795  0.3744433   1.33160688  0.80359802  0.26003097
  1.11272415  0.34934864  0.40615639  0.14677938  0.15049355  0.3096705
  1.19506583 -0.02707666  0.25195475  0.21200418  0.31532411  0.23350942
  1.08480945  0.07527135  0.74112533 -0.7416654   1.02492411 -0.34121161
  0.29080898  0.91126141  0.88598573  0.60088989  0.3200036   0.10364912
  0.64918243  0.11656451  0.32825217 -0.55355187  0.45664582 -0.16191462
  1.69693517 -0.14440569  0.2531698   1.26904174 -0.12878052  0.19326635
  1.19437487  1.42208247  0.59087275  0.29739494  0.87023869  0.76154211
  0.13263424 -0.1138064   1.17546362  0.7389175   0.4278491   0.13871588
  0.7988992   0.22837171  0.55630677  1.52904027  0.6081152   0.30056681
 -0.0119961   0.70814893  0.29132024  0.12632539  0.39681569  0.58213155
  0.00359066  1.15118577 -0.22799245 -0.98352195 -0.10790942  0.3839537
  0.03499392  0.40785978  0.71723607  0.49945078 -0.37117121  1.3262918
  0.7355115   0.86637282  0.62719937  0.39893434 -0.70772294  0.22674248
  0.50391249 -1.04876748  0.72983343  0.5049309   0.26529438 -0.00819939
  1.39820017  0.25174042  1.2244733   0.00862094  1.46487144  0.79808508
 -0.7086846  -0.02961374  1.66996016  0.34487661  0.40706791  1.28345394
  1.13018181 -0.31358892  0.09817354  0.337722    1.03581145  1.60355859
 -0.51946591  0.84372956  1.08607085  0.19943432  0.34388387  0.44689568
  0.76758845  0.99716016  0.06843204  1.40711161  0.99453361 -0.33475693
 -0.579243    0.17045106  0.84919669  0.98143502  1.11176243 -0.71982075
  0.3862755   1.48853589  0.50111603  1.31430291 -0.86789098  0.51832525
  0.37655648  1.27318074  0.89401273 -0.69853831  0.86287991 -0.51595291
  0.99708178  0.30447258 -0.12562285  0.13161665  0.02552139  1.2316321
  1.63072737  0.2726457   1.14606285  2.28449112  0.39696897  0.52183382
 -0.22951001  0.680204   -0.16070407  1.00308535 -0.29103961  0.93140581
  0.56907817  1.0266201   0.94688835  0.54951764  0.05557597  2.50752134
  0.82774492  0.41569244  0.51965805  0.70537637 -0.17535001  0.58067338
  0.57562141  0.06132298  0.12786162  1.18414722 -0.55789056  0.94687738
  0.91308027  0.84935553 -0.58206151  0.33963081  0.10957289  0.5272703
 -0.03744861 -0.03690882  0.73504908 -0.07367301  0.79494954]
[-0.54209567  0.61675854  0.63432368  1.23280466  0.96697073  0.70357276
  1.04430429  0.60548045  0.65979087  0.62919763  1.47378159  1.04951237
  0.63229949  1.25578463  0.36578656  0.65961487  0.02600701  1.38666673
  1.2920292   0.66275251  1.78768604  0.98961895  0.81567858 -0.28552887
  0.73220698  0.06877304  0.46940586  0.633645   -0.24437726 -0.57779417
  1.31597147  0.6231999   1.28919386  0.22751312  0.37792736  0.73148365
  0.48188295  1.77899651  0.43949272  0.28469999 -0.12109226  1.58476005
  0.23732838  0.32402721 -0.11038666 -0.08069704  0.26950381 -0.3438916
  0.46747148  0.28681715 -0.09331213 -1.36384949  0.90082332  0.04661637
  0.08365194  1.21089341  1.25229368  0.55899754  0.28212074 -0.72953116
  1.00740542  1.45970918  0.89829059  0.01821897  0.91172588 -0.07438471
  0.98750596  0.29957288 -0.19324237  0.35842272  1.32654476  0.9542827
  0.19587407  0.88680643  1.18489458  1.27935651  0.70992572 -0.21939557
 -0.46013336  1.29028951  1.47220578  0.45981826  0.77625056  0.97487522
  0.31876515  1.22099166 -0.35165696  1.00310754 -0.05684936  0.88654513
  0.92155008  0.4183017   0.48898134  1.33693033  1.01123808 -0.32343073
  0.25351775 -0.10979728  0.35275733  0.04250157  0.13319274  0.55930361
  0.41726409  0.60005251  0.79756648  0.88922636  1.13989906  1.21884217
 -0.39186622  0.87819353  0.89765793  1.21399359  1.15932583  2.31084049
  1.03781416  0.30947371 -0.22787553  1.1474988   0.40866973  1.09458437
  1.38463834  0.65585171 -0.02526955 -0.67686315  0.72027708  0.04844051
  0.30967481  1.32825673  1.60820934 -0.02014822  0.55405312  1.12842928
  0.5248037   0.79393609 -0.37598076  0.10093152 -0.1225307   0.49660485
  0.10265836  0.41934116  0.82328657 -0.03812688  0.24493749  0.96966969
  0.49496635  0.8397682   1.19338129  0.6490057   1.37694186  0.44986965
  0.15587254  0.53513134 -0.03596051  0.05898097  1.08586036  0.78018313
  0.43010991  1.31725756  1.4191334  -0.13507042  1.76246788  0.75123625
  0.07208885  0.7050256   0.66075301  0.27620669 -0.16569286  0.07502815
  0.66091294  0.72598651  0.94225714  0.47099882  0.61510115  0.73566711
 -0.03870652  0.50389006  0.75780667  0.63518672  0.4933888  -0.38401217
  0.60228131  0.111169   -0.06698824  0.26639072 -0.05674547  0.70148172
  0.84627733  0.4965843   0.47319282 -0.23628659  0.82372312  0.36828465
 -0.49223318  0.99946186  0.62207632 -0.34134685 -0.625375    1.34951214
  0.22305408  0.09303525 -0.11934744  0.41560021  1.37708315  0.67856221
 -0.69241861  0.75265725 -0.5409956   1.0494247   0.64969498  1.08616555
  0.58432085  1.68791595  1.48444023  0.87901705  0.74269879 -0.29341347
  1.31635547  0.21376402  1.02992622 -0.12037401  0.29320077 -0.33235718
  0.55824915  1.42911823  0.4001403   0.39072078  0.0266173   0.63527052
  0.05212916  1.28742869  0.83400384 -0.56789033 -0.64725354  0.68034297
  1.54805551  0.82984181  0.74574113  0.67584004  0.73513096 -0.34877199
  0.69381203  0.75287512  0.35859882  0.8402158  -0.4851446  -0.19693806
  1.50852935  0.29616869  0.54168517  0.19430199  0.13415529  0.08946344
  0.13502408 -0.87749248  1.25355343  0.45740134  1.09442255]
[ 0.97982108  0.0115406   0.93321833 -0.65001006  0.58266792  1.0849616
  0.14094406  0.80423625  0.48561629 -0.18455487  0.89683749  0.17039088
  0.60551656  1.25938867 -0.17712256  0.37897522  0.10843891  0.49583486
  0.56768538  0.26375546 -0.13964577  0.69403987  1.70117888  0.2485238
 -0.4418248   0.85509089  0.30517504  0.5872308   0.39252347  1.41181299
  1.15385868  1.70357738 -0.74902513  0.74389582  1.66268448  1.18597413
  0.97008952  0.09532424  0.14399225  0.89560816  0.68694488  0.59018833
 -0.13204518 -0.36189419  0.4008993   0.47481985  0.38918315  1.22988963
 -0.49578923  1.10359005  0.64181411  1.44908568  1.12043231  0.4843282
 -0.12086068  0.82040845  0.22048058  0.6311867   0.52388093  1.43121713
  0.30650436 -0.03303053  0.15554097  0.81455586 -0.36471117  0.36914181
  0.65254769  0.69464412 -0.03464695  0.23224661 -0.07931185  0.60051945
 -0.32731813  0.95383884  0.65182751 -0.23937393  1.44640065  0.69324968
  0.86528584  0.08904435 -0.35062888  0.92239501  0.07101483  0.42996524
  0.89251562  0.74460161  0.78344562 -0.82234552  0.22999322 -0.1121271
  0.20254279 -0.7697291  -0.01062669 -0.13236342  0.14767649  0.90953339
  0.43897002  0.0223408   0.44125209  0.76846464  1.07899242  0.19150658
  0.21403896 -0.21268746  0.48980771  0.57416051 -0.34795211  0.22701623
  0.06676673  0.4223698   1.81514308  1.19493017 -0.35539565  0.62540471
  0.56196842  0.85976315  0.62572214  0.54061808 -0.30305371  0.73884901
  1.08042618  0.39647216  0.35035821  0.94703082 -0.71950844  0.48378892
  1.54868858  1.32901824  0.53332642 -0.04724499  1.9380773   0.70373927
  0.5209909  -0.16635624  0.82068262 -0.1450421   1.6585089  -0.16198508
  0.70273541  1.07449955  0.67407686  0.67797073  0.18732601  0.44032857
  0.43029565  0.75490286  0.31521661  0.9210748   0.09203454  0.62672865
  0.03215176  0.44801885  0.36009335  0.4482701   0.15159185 -0.22203099
  0.75318311  1.18980224  1.14417993  0.62558943 -0.08482787  0.65851923
 -0.15018828  0.64781004 -0.15029162  0.42348382  0.50884745  0.62045825
  0.20686351  0.65445451  0.98962832  0.01549232  0.55172704  1.0758841
 -0.50057426  1.05141434  0.89443204  0.10577666 -0.03643752  0.76942933
  0.68364998  0.30674449  0.83559191  0.57445477 -0.0170414   0.46994883
  0.31943612  0.86063651  0.69234377  0.60442355  0.13596437  0.87127961
  2.04261353  0.50159586  0.35192088  0.46411505  1.05019767 -0.07881208
  0.7384587   0.12364272  0.66220708 -0.02574725  0.98270799  0.25309784
  0.63977218  0.75338269  1.26929134  0.79073618  0.32989376  0.87776803
  0.28661428  0.7657471   0.13008167  0.2972042   0.78813682  0.68335535
  1.04489855  0.52772863  0.84933489 -0.09008723  0.74707848  1.71362688
  0.57525022  0.24661087  0.63583793  0.89512113  1.05958804  0.71690717
 -0.5088265   0.702794    0.06672901  0.90573648  0.44528898  1.48263465
  0.51815118  0.55676628  0.56614647  1.68797237 -0.28689973  0.67891844
  2.08631055 -0.16824377  0.02383814  1.32006464 -0.12730895  0.70207576
  0.46793657  0.10054517  0.24723035  0.44811697 -0.13064167  0.01687161
  0.59773257  0.55425729  0.21936533 -0.45776958  0.82383324]
[ 0.29760345  0.6549915   0.47896179  0.65633483  0.30416654  0.11933036
 -0.01025463  0.67609886  0.19912825  0.73819516  1.0490164   0.0927172
  0.52536761  0.31100636  0.46167468  0.8500645   0.68239228  0.12892493
  0.65087415  0.51105105  0.17692015  0.21971759  0.54015293  0.47087828
  0.74437649  0.51082284  0.57765314  0.57486284  0.93166885  0.96041865
  0.15494162  0.3642662   0.35519859  0.61942645  1.1056846   0.46603723
  0.46990739 -0.26913035  0.09102985 -0.23740679  0.54541459  0.61811527
  0.80821693  0.41693954 -0.11980787  0.29868194  0.15727039  0.77899234
  0.69333073  0.92479474  0.58427042  0.77854821  0.25722531 -0.19264465
 -0.16622802  0.33683468  0.32050356  0.66004907  0.97563754  0.70773773
  0.73746031  0.20005301  0.22155425  0.57867276  1.11208115  0.28002129
  0.88924943  0.43483585  0.70520487 -0.08660255  0.17591373  0.3169442
  0.76356161  1.0549012   0.56503434  0.72441194  0.27186231  0.48876475
  0.68292636  0.83309432  0.66438675  0.48599854  0.26787855  0.37522072
  1.03387266  1.1035373   0.36982381  0.36709704  0.70634685  0.63130122
  0.27425661  0.62719458  0.81061241  0.87945215  0.65102572  0.56536597
  0.94663154 -0.31296766  1.15430648  0.24136789  0.5317464   0.08123472
  0.13522841  0.74781514  0.35173596  0.02047614  0.11847869  0.62729322
  0.52695443  0.16956758  0.10520884  0.77933435  0.43887434  0.8021199
  0.53142941  0.57678959  0.37090442  0.89833161  0.2434043   0.30937471
  0.27064437  0.51401015  0.11177438  0.83825641  0.12300402  0.67901453
  0.57443274  0.65795303  0.29526503 -0.02288184  1.39101418  0.02898473
  0.67941379  0.91726707  0.24026203  0.66949384  0.23526103  1.12275062
  0.17298775  0.71158302 -0.39665549  0.66050976  1.0040759   0.78660346
  0.27884144  0.90227562  0.79282424  0.65315596  0.52991336  0.26245566
  0.78304027  0.00366616  0.90880684  0.49932452  0.51293438  0.72543216
  0.64893968  0.5243051   0.32033008  0.14857591  0.66356611 -0.09832916
  0.16778379  0.53381385  0.57332894  0.4341496   0.81655712  0.87708278
  0.74963536  0.17058351  0.20773941 -0.10913133  0.78314537  0.31076859
  0.75526704  0.38513544  0.53460266  0.23879747  0.53418734  0.37405318
  0.91643289 -0.20252144  0.40400393 -0.15425495  0.16023116  0.84622612
  0.92942935  0.13362968  0.5966365   0.71764848  0.90646688  0.65554499
  0.67534083  0.34287621  0.13005442  0.29950146  0.2844818   0.85733582
  0.23025012  0.17948541  0.55123121  0.55133346  0.831763    0.00735237
 -0.14581373  0.19151812  1.04287905  0.22437109  0.56090524  0.23599292
  0.31092829  0.79232798  0.30036084  0.63821852  0.5655224   0.42867718
 -0.07415127  0.21744045  0.85367584  0.62901278  0.07076687  1.05179055
 -0.08590677  0.32656072  0.54759814  0.16339186  0.13466977  0.16275742
  0.52922749 -0.16165759  0.93613509  0.75141382  0.71740178  0.27369618
  0.15523338 -0.08230942  0.4078228  -0.0443932   0.62861831  0.20686113
  0.23527142  0.46623094  0.62110231  0.37348216  0.17749109  0.31249051
  0.66787974 -0.09028573  0.70892242  0.35781915  1.07762413  0.52516436
  1.20078666  0.33922447  0.06027644  1.00693948  0.61145233]
[  3.97475908e-01   3.52606316e-01   8.43805261e-01   1.46690608e+00
   9.92448913e-01   8.26557787e-01   2.18991523e-01   4.20412402e-01
  -9.90068673e-01   7.36400274e-01   4.26775657e-01   7.67113148e-01
   4.46391185e-01   7.24460483e-01   1.16998395e+00  -3.05555821e-01
   4.16292039e-01   9.07619938e-01   1.20833947e+00   4.27058859e-01
  -2.12546272e-01   6.70710598e-01   6.78302441e-01   1.29655751e+00
   8.33425843e-01   4.57624211e-01   2.77852837e-01   7.58396744e-01
   9.61876372e-01   7.54891233e-01   8.46328102e-01   4.75441863e-01
   3.95019502e-01   1.01134762e+00   7.00259517e-01   5.88644863e-01
   6.22910371e-04   1.78617145e-01   6.46780974e-01   4.69082733e-01
   7.29244628e-01   5.38303213e-01   3.47228809e-01   1.58101268e+00
   1.49570514e+00   7.37419141e-01   6.61428636e-01  -7.45759416e-03
   7.14288724e-01   1.94767767e-03   5.26098167e-01  -5.13538125e-04
   3.13138125e-01   1.97229606e+00   7.94917614e-01   7.20513108e-01
   5.42508852e-02  -5.19482800e-01   1.96834118e-01   5.08426024e-01
   9.26955433e-01  -2.81508767e-01   8.44178185e-01   1.45332631e-01
   1.38105144e-01   3.95496799e-01  -4.31160734e-01  -2.74870022e-01
   3.06017264e-01  -1.64654684e-01  -5.71206621e-02   3.71709626e-01
   7.29921631e-01  -6.00420283e-01   1.31950470e+00  -1.64318796e-01
   1.02201299e-01   1.24396027e+00  -4.39196996e-01  -1.52527135e-01
   6.69778920e-01   1.10014774e+00   4.62508419e-01   4.25590525e-01
   7.22658017e-01   1.12942964e+00   5.04253109e-01   2.93353613e-01
   1.38019146e+00   9.51799019e-01   7.16491688e-01   1.16349694e+00
  -4.81935536e-02   1.52504214e+00   4.66789130e-01   9.09529620e-02
   1.81567696e-01   2.77983315e-01   1.94307996e-01   4.55871522e-01
   4.86544541e-01   1.73187340e+00   1.08881428e+00   7.52631736e-01
   2.15834378e-01   8.28553281e-01   6.35118732e-01   9.11261302e-01
   1.69012487e-01   8.02854295e-01   1.10162145e+00   4.37562112e-01
   5.62098026e-01  -1.35866157e-01  -1.66674621e-01   6.48764400e-01
   1.69353575e+00  -3.48924006e-01  -1.83046735e-01   1.08043559e+00
   9.42204374e-01   8.36232445e-01   4.38211933e-01   4.77348984e-01
   3.50464310e-01   1.49816603e+00   4.32697394e-01   6.36325472e-01
   8.13570223e-01   4.79315244e-01   1.21895502e-01  -7.94021519e-02
   5.24616977e-01   3.69100388e-01   1.21358775e+00   1.60351773e-01
   4.31238621e-01   9.98064805e-01   9.20368913e-01  -3.31876303e-02
   6.88438971e-01   1.20482556e+00   1.03890220e+00   8.85177234e-01
   1.43155320e+00  -3.31919804e-01   1.32193428e+00  -2.04330452e-01
   1.11078884e+00   2.57710972e-01   6.51300608e-01   1.97356984e-01
   9.25165942e-01  -6.68873494e-02   1.14939236e+00   3.72424436e-01
   8.66904084e-01   1.29213005e+00   1.12497544e+00   5.78125764e-01
   7.15929491e-01   8.22026691e-01   7.62398620e-01  -3.34934153e-01
   1.05292124e-01   7.53857407e-01   4.11675596e-01   7.64294818e-01
  -9.99461943e-02   4.70353033e-01   1.42345612e+00   6.54469701e-01
   6.73563595e-01   3.63486523e-01   7.97677245e-01   6.88152111e-01
   9.78989249e-01   7.35563650e-01   4.65849371e-01   1.00887845e-02
  -1.80629981e-01   7.88889910e-01   7.76243673e-01   5.99320125e-01
   8.17719121e-02   1.32021554e+00   2.13524712e-01   5.98758942e-01
   6.86375175e-01   6.69559815e-01   9.58513575e-01  -2.92429315e-01
  -9.56858097e-02   3.71296011e-02   5.74211177e-01   1.73615954e+00
   1.22047881e+00   1.18753983e-01   6.09814806e-01   6.20695982e-01
   7.18413782e-01  -8.92885328e-02  -1.56791976e-01   5.70440887e-01
   8.68521909e-01   6.53528924e-01   9.22809030e-03   8.23490257e-01
  -3.39160380e-01   9.46680716e-01  -8.32144550e-01   5.08628500e-01
   2.24776519e-01   1.37103860e+00   8.38653284e-02   3.48657047e-01
   4.25008961e-01   1.42047628e+00  -1.00564597e-01   7.95840283e-01
   1.50429474e+00   2.72186455e-03   3.68723112e-01   5.05251632e-01
   6.15218012e-01   1.27137537e+00   8.28445308e-01   1.27087004e+00
   1.49451298e-01   1.04903720e-01  -4.33508250e-02   2.70835615e-01
  -3.24893356e-01  -1.35160246e-01   7.44677975e-01   3.22263630e-02
  -3.11219066e-01  -2.81440519e-01   6.34459616e-01   6.51622196e-01
   9.64248244e-01   1.21702169e+00  -1.58892917e-02  -6.67696926e-02
   6.83507651e-01   1.40517649e+00   2.25560050e-01   1.10131924e+00
  -1.37746918e-01   6.39611445e-01   5.56095815e-01   9.14130716e-01
  -3.29182110e-01   1.23926896e+00   8.88501961e-02   3.10535875e-01
  -2.09441989e-01]
[  1.45505620e-01   5.55163609e-02   1.19811228e+00   1.83698853e-01
   8.03984787e-01   5.81641915e-01   1.36113570e+00   1.49388807e+00
   1.23885999e+00   9.47633445e-01  -1.25036500e-01   7.47105890e-01
   9.75711952e-01  -5.18390082e-02   5.58623216e-01   2.07521596e-01
   1.04661638e-01   1.52706143e+00   2.43087522e-01   2.85625450e-01
   5.19407225e-01  -3.60350155e-02   1.05641457e+00   1.68752867e+00
   1.03280809e+00   1.05336425e+00   6.85967792e-01   2.76847730e-01
   7.02660837e-01   6.04233823e-01   7.79938009e-01   9.96634982e-01
   8.27590892e-01   9.67779331e-01  -1.19924138e-01   8.19899513e-01
   1.14348298e-01  -6.37840342e-01   1.21256117e-01   2.34434500e-01
  -3.73887970e-02   1.26878507e+00  -3.73918971e-01  -6.11149393e-02
   7.89466333e-01   6.16686241e-01   5.85255008e-01   5.62947031e-01
  -3.78663331e-01   4.41988485e-01   4.23338745e-01  -4.05986423e-02
   4.78125017e-01   5.43488639e-01   1.21299436e+00   1.12771142e+00
   2.73140842e-01   3.42576859e-01   4.89881554e-01   1.17559047e+00
  -5.60229801e-01   6.82532446e-01   1.48546726e+00   3.52032903e-01
   9.69673889e-01   2.67890428e-02   5.06305891e-01   6.09761582e-01
   5.64974115e-01  -6.02973509e-02   6.70506030e-01   9.08961712e-01
   4.24219947e-01   9.04039395e-01   6.97201472e-01   4.07125374e-01
   3.78580375e-01   1.23092278e+00  -1.51852321e-01   2.06062681e-01
   6.12985489e-01   5.06321737e-01   7.65716482e-01   1.28224842e+00
   1.37867685e+00   8.58867554e-01   1.49891779e+00   2.93613791e-01
   4.37769962e-01   1.97770363e+00   8.22483069e-01   5.82208495e-01
  -9.46223069e-02   4.18193624e-01   2.74565755e-01  -1.88379432e-01
   6.26973809e-01   2.69827079e-01  -1.90683326e-02   1.46315307e+00
   1.48887355e+00   2.07735106e-01   1.41122424e+00   5.65060949e-01
   3.32510693e-01   6.70330502e-01   8.81697512e-01   1.22210354e+00
   2.58957883e-01   1.15946369e+00   1.87763380e-01  -1.46633527e-01
  -7.85156132e-02   4.35794663e-01   3.37955694e-01   2.10943060e-01
   4.00306040e-01   1.34691181e-01   7.74269600e-01   9.31088379e-01
   3.24466081e-01   4.53318079e-01   3.88784539e-01   1.32092538e-01
  -1.46559137e-02   3.94538606e-01  -2.85694352e-01  -4.68846027e-01
   8.63884813e-02   1.06478105e+00  -1.60881663e-01   3.55729124e-01
  -2.56836150e-01   8.64881792e-01   1.82320101e+00   5.25094440e-01
  -6.34911898e-01   8.13502115e-01   1.03865271e+00   1.50230276e-01
   1.30625741e+00   1.03213920e+00   2.14952756e-01   1.26909361e+00
   9.48182103e-01   3.18722150e-01   6.55894123e-01   2.30051290e-01
   8.45408076e-01   2.40001724e-01  -3.61416029e-01  -1.08111091e-01
  -3.14573886e-01   4.57652222e-01   2.98419722e-01   1.27444002e+00
   5.72498348e-01   7.30514662e-02  -1.38624033e-01   1.14482021e+00
  -4.03838279e-01   1.07293652e+00   5.50215474e-01   4.80700239e-01
   9.76982464e-02  -1.71792411e-01  -9.74535084e-01   2.93177566e-01
   8.52777580e-02  -2.44633659e-01   6.47453033e-01  -1.41934515e-01
   1.39562794e+00   6.93073843e-02   1.18289773e-02   1.68800218e-01
   4.15550396e-01   1.03864622e+00   8.84595060e-01   1.82021003e+00
   3.27593992e-01   6.82848083e-01   4.87442618e-02   1.14697628e+00
  -6.16609277e-02   3.93032629e-01  -6.47745474e-01   5.34124532e-01
   1.61024164e+00   1.36657741e+00   9.61430167e-01   3.42071963e-01
   2.30104672e-01   3.77349125e-01   5.92887554e-01   6.27598012e-01
   7.98909583e-01   1.31702511e-01   1.69052250e+00   5.94459468e-01
  -9.04743818e-03   4.32084689e-01   6.10456459e-01   4.25534561e-01
   1.11600649e+00  -2.77066902e-01   1.31183494e+00   6.83783928e-01
   6.86127974e-01   1.12681277e+00   2.13814816e-01   6.57907257e-01
   5.59081201e-01   8.54212512e-01   2.62295635e-01   6.72569281e-01
   5.99556238e-01   1.57043395e-02   1.03102403e-03   1.05110358e+00
   6.25855405e-01  -6.02764531e-02   6.40717768e-01  -4.96676663e-02
   1.16812169e+00   2.47159770e-01   4.34205159e-01  -5.17947861e-02
   6.70196119e-01  -3.63264437e-01  -1.81623385e-01   9.95451428e-01
   2.23652764e-01   9.61548842e-01   1.81112341e-01   1.21776695e+00
   4.71271032e-01   7.15551846e-01   1.38640499e+00   1.26738439e+00
   1.03096193e+00  -2.09460450e-02   6.31715374e-01  -3.93802434e-01
  -8.32230079e-02  -7.41684675e-01   4.37383793e-01   5.95338792e-01
  -1.57121566e-01   1.20786303e+00   7.20574732e-01   3.14676414e-01
  -5.48123744e-01   3.43758641e-01   5.10861591e-01   3.37287974e-01
   6.34784093e-01]
[ 1.42294594  2.3101854   0.25752333  1.49858286 -0.31216122  1.50149062
  2.0211951  -0.14352216  1.18337339  0.07457225  0.90385648  1.08455714
  0.44188759  1.46250179 -0.11039768 -0.38348535  1.82902667  1.0179803
  0.9550882   0.65014613  1.76980438 -0.7645469   0.45656951  0.23090387
  1.31796546 -0.1272289   0.32494051  0.29413054  0.58381694  0.49533187
  0.646634   -0.01654946  1.11634803 -0.06489813 -0.26023581  0.5342792
  1.12440975  0.01230148 -0.33916253 -0.06643841  1.63929847  0.23432141
 -0.33872795  0.97286344 -0.69885509  0.63687412  1.01348824  1.13073902
  0.00945809  0.77584121  1.15723973  0.32275401  1.59001039  0.76194272
  0.53214384  1.04798421  0.46623889  0.47380982 -0.36361718  0.81422888
  0.45975112 -0.08476891  0.6377257   1.60344048  0.69365107  1.3391307
  1.10667749  0.2762343   0.03621151 -0.1211806   0.8887823  -0.15034075
 -0.16320078  1.7264114   0.05013245  0.6618721   0.22683604  0.91161304
  0.95706942 -0.13737303  0.89271848  0.92273893  1.11577005 -1.01979624
  0.65544046  0.40971069  0.05217859  0.12043208  0.05880949 -0.40059234
  0.16789115 -0.24870997 -0.7870043   0.56491661  1.13919551  0.34023887
  0.13113571  0.63982746  0.59200263  0.90429496 -0.24453609  0.94818217
 -0.01366098 -0.43102772 -0.15261677  0.29005977  2.07647507 -0.68236343
  0.32259429  0.58618741  0.21722545  0.45144819  1.03175375 -0.12731674
 -0.19935572 -0.71088798  0.44741966  0.4760436   0.62886619  0.79999904
  0.69049113  0.2158864   0.61784618  1.0431415   0.86043704 -0.58631757
 -0.80143569  0.83044507 -0.45280343 -0.2449277   1.45349771  0.84173949
  0.02312704  0.21049874  0.19102621  0.37933005 -0.23155171  0.53321604
  1.77968589  0.94799485  0.31628433  1.32693516  0.50033881  0.51651824
  0.26861726  0.58234178 -0.23648276  1.39669931  0.5912148   1.34374201
 -0.41988749  2.2292033   0.91413607  0.48042533  0.43473325  1.39189502
  1.19914883  0.73597388  0.88628883  0.79791915  1.38918244  0.67472221
  0.76387951  0.9627496   0.66394434  0.2216522   0.51394475  0.81622748
  1.03013805  0.31319869  0.44866234  0.85885761  1.61636568  0.1688691
  1.12461054 -0.14476813  0.65999448  0.25167098 -0.14002026  0.88410587
  0.57018424  0.52109654  0.95956128  0.40525744  0.06313422  0.41862804
  0.20273588 -0.01732032  0.31848153  1.43188462  0.79556763  0.04001
 -0.64285202  0.26174967  0.27074924  0.55286889  0.79139001  1.08568707
  0.06105962  0.06031023 -0.07613599  0.46623673  0.37526581  0.94237066
  0.41026253  1.15820135 -0.19091314  0.66912207  0.39003202  0.91548856
  0.25550924  1.18850769  0.71249534  0.55410467  1.22740379  1.10616935
  0.43043502  1.32736785  0.60290763  0.40795266  0.73787737  1.61167111
  0.25655964  0.92786608  0.94094091  0.60200186 -0.45279215  0.97139327
  0.18788645  1.13468238  0.11728337  0.57985154 -0.27051255  1.20851279
  0.82588208  0.01182588  0.41505415  0.15346893  1.32544201 -0.30815021
  0.59341219  0.7557739   0.90403992  0.43702102  1.04294456  1.37359216
  0.49267159  0.0741023  -0.34838763  0.28998782 -0.42859594  0.79227593
  1.57915482  0.99003719  0.55504592 -0.17565942  0.62678897]
[  1.93566525e+00  -4.00233744e-02   6.01527144e-01   3.58858769e-02
   1.09767511e+00   3.04523790e-01   9.48144444e-01   6.78265291e-01
  -1.84128849e-01  -1.03638376e+00   6.86204412e-01   1.75718632e+00
  -2.62896431e-01  -3.33364324e-01   8.29090233e-01   1.42824958e+00
  -1.11185572e-01   9.17340074e-01   1.03644764e+00   3.36499329e-01
   6.79571719e-01   4.83051665e-02  -2.12628225e-01   1.01261446e+00
   1.49116551e+00   6.04191143e-01   8.45981663e-01   3.56577741e-01
   5.86639922e-01   1.11253882e+00  -4.82176808e-01   2.24949244e+00
   1.20257521e+00   7.01140257e-01  -3.22616959e-01   4.72018620e-01
  -2.14797091e-01   5.13126180e-01   6.59365954e-01   6.92655665e-01
   5.10477900e-01   6.24371002e-01   9.59513446e-01   7.09677293e-02
   3.38496099e-01   1.68405736e+00   9.31456605e-01   4.03210928e-01
   8.02943594e-01   8.90724790e-01   2.20423775e-01   1.43079228e+00
   2.76824399e-01   1.03623838e+00   7.52661839e-01   4.16777496e-01
   5.65707469e-01   6.86504381e-01   3.60494902e-01  -5.50597295e-02
  -7.75088309e-02   1.28908536e+00  -1.23835868e-01   7.40886850e-01
  -8.74655527e-02   1.19385709e-01   8.83726164e-01   8.44680288e-01
  -1.15715947e-01   1.30537960e+00   2.40990375e+00   1.25945278e+00
   1.66039092e-01   4.35479792e-01   3.94384524e-01  -1.70959478e+00
   9.00215323e-01   4.33366022e-01   5.22382816e-01   7.83114353e-01
   7.23312323e-01   5.37499291e-01   2.42457293e-03   8.16569081e-01
   6.01746819e-01   3.79739188e-01  -7.41361859e-01   1.71407198e+00
   4.10513014e-01   4.86797135e-01   6.75708042e-01  -1.56463566e-01
   1.06376722e+00   2.08549873e-01   3.06515005e-01   8.56430909e-01
  -7.76210326e-01   9.89208058e-01   4.26037042e-02  -2.60770697e-01
   8.84561636e-01  -3.84277874e-01  -7.70930120e-02   1.06219996e+00
   4.55522780e-01   1.89786054e+00   1.81229843e-01   1.09129508e-01
   8.89300802e-01   1.27507620e+00   2.19344869e+00   1.28295429e+00
  -4.56708414e-01   9.56643994e-01   8.67368475e-01   1.78060636e+00
   9.99810550e-01   1.23222145e+00  -3.96475521e-01   1.01426305e+00
   8.29993230e-01   4.18391517e-01   7.65370124e-01   1.15556807e+00
   1.98903757e+00  -3.16294341e-01   4.16405690e-01   3.77266804e-01
   1.04364173e+00   8.07386752e-01   5.64764429e-01   1.36826926e+00
   4.44297201e-01   5.73330724e-01   4.13484601e-01   1.00943297e+00
   8.16024616e-01   1.13706228e+00  -6.31770462e-02   1.00236955e+00
   9.65768753e-01  -2.86876701e-01   4.26278006e-01   3.28453526e-01
   5.10815356e-01  -1.65450357e-01   2.85899646e+00   2.61214789e-01
  -2.15837146e-01   7.41063693e-02   1.01222863e+00   8.63815499e-02
   7.78236613e-01   1.22559843e+00   1.94918204e-01  -1.69565478e-01
   1.84196154e+00  -4.48959652e-01   4.49920123e-01   1.74372458e+00
  -8.05650611e-01   4.27916896e-01   1.18577972e+00   4.67368112e-01
   1.19758387e+00   1.16075425e+00   6.77827755e-01   7.83722046e-01
   7.15540991e-01  -2.97456903e-01   5.96217547e-01   6.78135552e-01
   2.59256893e-01   1.08129688e+00   1.36102367e+00   1.55362377e+00
  -8.77231264e-01   6.15920170e-01   1.05476408e-02   1.10272836e-01
   1.52284660e+00   7.98791629e-01  -1.99906941e-01   2.95319428e-01
  -1.58390769e-01   5.90839692e-01  -2.69598114e-01   1.34607094e+00
   6.55646624e-01   8.14378485e-01   6.97754707e-01   6.87704902e-01
   1.68290591e+00   5.37778994e-01   8.48159188e-01   3.57402309e-01
  -2.73003127e-01   1.27278060e+00  -7.32021181e-01   1.03581886e-01
   1.93182477e-01   1.39028834e+00  -6.80867936e-01   1.06774994e+00
  -1.48905895e-01   7.63281355e-01   4.42270484e-01   3.64307846e-01
   3.88701972e-01   2.38890303e-01   8.17010371e-01  -8.88824332e-01
   7.34200884e-01  -2.17909836e-01  -4.47494988e-01   2.85471948e-01
   9.27611296e-01   2.26711995e-02   5.20544605e-01   6.79287654e-01
   1.86706766e-01   7.81775928e-01   5.47185593e-01   1.27178793e+00
  -4.48139095e-01   1.83376320e-01   6.99189632e-02   1.02805088e+00
  -2.62751340e-01  -4.54661740e-01   8.31812256e-01  -5.64342787e-01
   4.80292975e-01  -1.18668364e-01   1.42965126e+00   1.38531144e+00
   4.08487134e-01   7.99868414e-01   1.14027918e+00   5.00757923e-01
  -6.23367035e-01   5.09851260e-01   1.99449117e-01   1.21995551e+00
   2.36036697e-01  -4.19454008e-02   9.35753638e-01   9.10049635e-02
   9.12854895e-01   5.32699607e-02   8.96471201e-02  -2.79551015e-01
   9.72150629e-01   4.60357800e-01   3.62653295e-01   1.02703730e-01
   1.84038408e+00]
[ 0.96761777  0.78751105  0.7410874   0.74352082 -0.05632114  0.39512785
  0.07445087  0.16427827  0.02612668 -0.12189109  1.05930964  0.72828448
  1.53498997  1.08444766  1.0657496   0.79529884  0.20236621  0.09794331
  0.81232986  0.46815597  0.15882006  0.07758229  0.91311685 -0.49365226
  0.87002563  0.12391364  0.60059421  0.85627865  0.68033243  0.86464622
  0.06797483  1.08776189  0.97704948  0.48346777  0.64901773 -0.23435276
  0.40513565  1.71604895  0.6454604   0.25898679  0.23307131  1.22051374
  0.39717312  0.63323533  0.10774097  0.1618539   0.13609398  1.10944875
  0.79360322  1.06229189  0.26438587  0.49110583  0.34777559  0.63817993
  0.21082585  0.8182009  -0.156925    0.75353784  0.42035985  0.72077423
  0.7064059  -0.06841647 -0.23194953  0.18427795  0.80463457  0.36052504
  0.16016509  0.59374827  0.37807688  0.21430017 -0.04635104  0.10984405
  0.94604167  0.9000947   0.34216764  0.91703933 -0.23635154  0.53775052
  0.07892993  1.09176125  0.71346938  0.64901094  0.02632565  0.47935754
  0.90817278  0.79187391  0.76002862 -0.10057506  1.00649601  0.89108285
  0.61844474  0.20540258  0.84840546  0.98798727  0.58165592  0.38458378
  1.14801645  0.22953287  0.89160308 -0.31515366  0.0884994   0.35136987
 -0.20201824  1.10490982 -0.14684257  0.10317909  0.09554361  0.43097728
  0.7901904   0.04375841 -0.13556957  0.79345074  0.35416016  0.55907603
  0.56684725  0.54579454 -0.2879678   0.55670452 -0.01895542 -0.2102377
  0.51350259  0.42410399  0.96424308  1.19920684  0.37236827  0.75116164
  1.37874082  1.08438094  0.49588607  0.30802848  0.44371808  0.13821324
  1.38492033  1.03381176  0.27759039  1.28105249 -0.00519389  0.04025212
 -0.4204258   0.68571751  0.36114342  0.96796847  0.93550753  1.08465707
  0.65822334  1.08830667  0.82009491 -0.00387499  0.44433199  0.25680203
  0.77945661  0.20399979  0.69631571  1.05158452  0.19370617  1.2011304
  0.2897905  -0.31607499  0.00876056 -0.40025267  0.33030791 -0.02073703
 -0.04035527  0.84471493  1.37915069 -0.00444977  0.71986635  0.22487932
  1.1747259   0.17360489 -0.24327287  0.2347765   0.81066229  0.01549369
  0.77069418 -0.09494516  0.16296269 -0.32796032  0.28787957 -0.12461772
  1.00343999  0.20882199  0.02709811  0.13510072  0.47250577  0.39872674
  0.45841012  0.08562376  0.20699218  1.04262064  0.48642453  1.16526525
  1.11771242 -0.2108215  -0.18502081  0.05843021  0.27254598  1.09627159
  0.47958869  0.09152172  1.11109669  0.06336869  1.07857842  0.65142901
  0.21226585  0.43868794  0.35205033 -0.24733932  0.75012019 -0.40844255
  0.10582579  1.17476517  0.12297058  0.14961725  0.57970481  0.46486458
  0.20061919  1.37439882  1.09457255  1.18763228  0.11471863  0.88930499
  0.49173073  0.70295236  1.11813457  0.56585616  0.84151736  0.46575145
  1.00455046  0.45218561  1.18546961  0.81495325  0.9264076   0.44357679
 -0.10939933  0.09645636  0.40718805  0.16159068  0.31524821  0.75268803
  0.52220298  0.99998376  0.90411676 -0.1232816   0.27552792 -0.27983376
  0.4581841  -0.01178302  0.78675185  0.54700782  0.82611735  0.31416652
  0.80491909  0.30715387 -0.15616924  0.92450617  0.85077926]
[ 0.74777194 -0.04298229  0.73039136  1.20163536  1.0994105   0.80313148
  0.64596665  1.15138638  0.25381212  0.79449897 -0.12246206 -0.27268999
 -0.20967566  0.60130142  0.49440134  1.28366255  0.00382303  0.75293359
  0.07665132 -0.14909122  0.38576785 -0.10042867  1.0520368  -0.13954938
  0.88930133  0.61368208 -0.42544504 -0.46677044  1.14920871 -0.14791606
  0.91313536  0.81049097  0.19172265 -0.02507151  1.55896376  0.27888979
  0.47244126  0.43732394 -0.16689998  1.09947077 -0.3447212   1.01283148
  0.98346638  0.19665575  1.11580162  0.99648751  0.63697615 -0.14774304
  0.8379059   0.80181205  0.11836374  0.7974237   0.28249352  0.52289401
  0.81718707 -0.64045305 -0.02408801  0.33582857  0.69274813  1.15872369
 -0.08254136  0.14282229  0.34727662 -0.16921973  0.84940309  0.85489323
 -0.04745477  1.17276293  0.67035745  0.45024254  1.12215623  0.62714911
  1.14428369 -0.41715057  0.82452279  0.20861945  0.76099016  0.57180785
  0.46507125  0.36469705  1.21629797  0.88957067  0.77482376  0.96706917
  0.65891584  0.28072166  1.02535709 -0.27266313  0.86584569  0.05117699
 -0.19888642  0.98151799  0.0375073   0.56836424  0.92514736  0.22702018
 -0.55086873  1.20820237  0.66286454  0.84247657  0.24273547  0.53262546
  0.66269802  0.32400622 -0.24759671  1.28275815  0.87273033  0.70740174
  0.92006464  1.08503563  0.01905162  0.8312024  -0.27689684 -0.17443093
 -0.32427847 -0.83914841  0.56876362 -0.0621905  -0.16736885  0.99687209
  0.83746417  1.15286171 -0.45258971  0.45998787  1.5363557   1.05048243
  0.3127613  -0.20825281 -0.3998915   0.85799633  0.45873797 -0.3906176
  0.69720947 -0.09060798  0.2449661   0.14097129  0.41306472  0.36121605
  1.03190634  1.02159509  0.09140518  0.32277957  0.33122264  0.8687195
  0.79016712  0.23658429  0.39508688  0.30425247  0.85326269  0.08691424
  1.31517241 -0.0906818   0.96650002  0.11864681  0.33932302  0.93643045
  0.31115609  0.86731171 -0.65620275  0.96987506  0.58407197  0.69438851
  0.56794474  0.59573827 -0.43802821 -0.22232858  0.90596397  0.58752799
  0.01691769 -0.05072901  0.68790754 -0.38661369  0.23872072  1.21419493
  0.59502114  0.52034989  0.46075797  0.83818741  0.0458031   0.61748174
  0.11712356  1.1080277  -0.21650116  0.64845277  0.303063   -0.23400382
  0.51036624  1.86674353  0.89726643 -0.29361843  0.88201284  0.16567472
 -0.08232132  0.24468126  0.86256766  0.4194664   1.01648104  1.35158218
  0.14815324  1.36471537  0.6588093  -0.27460329 -0.53712564 -0.67038318
  1.01057681 -0.44373773 -0.03001718  1.32577345  0.15176296  1.07798279
  1.75644749  0.30420742  0.01135484  1.02640925  0.58614298  0.26274782
  0.63621239  1.22596111 -0.01464011  0.57449472  0.85072301  0.15060362
  0.74129409 -0.16084567  0.67215759  0.48759659  0.55398271 -0.10266255
  1.23348834  0.45708992  0.07399031  0.84054407  0.96476665  0.1708678
  1.93402925  0.3194048   0.67303407  0.69804122  0.63773806  1.24324858
  0.93092527  1.75324279  0.29730331  0.87775393  0.31430713  0.34838243
  0.15456126  0.33690696  1.327931    1.11302805 -0.45994654  0.94999239
  1.05483836  0.32242838  0.33622309 -0.27423196 -0.15595982]
[-0.30076064  0.70250322  0.99894448  0.20998801 -0.43979958  0.21056039
 -0.26911636  0.32297273  0.48651437  0.50716315  0.25089567  0.02591829
  0.98826184  0.82853675  0.79541442  1.06861028  1.05696154 -0.38019116
  0.63468338  1.00481679  0.96088266  1.64241192  0.60241815  0.62141632
 -0.16537143 -0.17250263  0.87670795  1.41923088  1.26363202  0.51388957
  0.51935419  0.74028475  0.15183597  0.75600002  0.56222438  1.16834277
  0.51836669  0.53293375  0.89711562  1.33642636  0.37632186  0.39258005
 -0.61991087  2.18183967  0.481428    0.41700319  0.46786753 -0.07507522
  0.87105052  0.38832909  1.40856607  0.49404407 -0.58667855  0.19262234
 -0.41087505 -0.12402094  0.44152574  0.74706743  0.77833339 -0.27662241
  0.36906984  0.97972373  0.74117521  0.34383279  0.34489786  1.01340683
 -0.20833947  0.74858468  0.12867571  0.66809039 -0.32192853  1.04207545
  0.70189198  0.16040615 -0.46294744  1.26935011  1.69142032  0.7863617
  0.94663477  1.1228821   1.17085429  1.87097468  0.1280718   0.51338942
  0.36593688  0.80061257  0.72604225  0.13451    -0.5511372   0.85460681
  1.12934966  0.41405962  0.48464317  0.08830466  1.19730003  1.19076267
  0.91773566  1.11340309  0.57362949  0.76156108  2.33323042 -0.62574497
  0.39875033  1.18186001  0.51402033  0.25977751  0.68606513  0.71319208
  0.59444744  0.53803735  0.60840178 -0.1539082  -0.12462744  0.39152906
  0.40181522  0.60853104 -0.00358997  1.01721682  1.03180844  0.31970743
  0.80116047  0.74776443  1.03716858  0.04893528  0.17246858  1.00515661
  0.65466522 -0.24686642  0.45345455  1.12810922 -0.54966036  0.63076092
  0.94791194 -0.30234361 -0.52077701  0.02533181  0.07091849  1.07380451
  0.42285703  0.27393454  0.49401413  0.3026939   0.10360682  0.6615442
  0.31274708 -0.29730548 -0.12087911  0.33839515  1.14181877  1.01615898
  2.01663634  0.31755805  0.62742699  1.21492961  0.28910696  0.79080888
  0.06759027  1.28222059  0.79563671  0.4041974   0.38409801  1.34594389
  0.14652982 -0.72835452  0.34803719 -0.09531495  1.15289524  0.9588514
  0.6110121   1.04310235  0.25218502  0.96135282  1.1884554   0.85087859
  0.07547655  1.1880303   1.2105129   0.59689646  0.65181165  0.80777563
  0.60051233  1.50746467  0.9334231  -0.02642929  0.47287719 -0.42575452
  0.70195639 -0.4144214   0.04891855 -0.03708736  1.12826209  0.55825302
  0.55282054  1.24862543  0.25554327  0.60127818  0.37790331 -0.19247492
  0.95086497  1.69666837 -0.45424754  0.19485256  1.69580055  0.96699578
  0.10059919  0.75738124 -0.62863795 -0.20952287  1.77859962  1.30562711
  0.17826107 -0.21281903 -0.25900438  0.18669484  0.03886984  0.85318041
  0.80255158  0.84466698 -0.20043648  0.19872056  0.51896712 -0.21814349
  0.22589674  0.63663866  0.37492642  0.28789391  0.90671585  0.43836412
  0.4784478  -1.06981159  1.29296397  0.17511291 -0.14368982 -0.2854233
 -0.36177578  0.8016367   0.18029381  1.12792762 -0.70747185 -0.49171476
 -0.24501016  1.78456463  1.36339534  0.82594275  0.64850226  0.6262671
  0.9403327   0.58369006  0.57269678 -0.05588547  1.26182673  0.13062063
  0.46503374  0.8293588   1.11689146  0.34355975 -0.39985915]

7.71841744953
11.9270677419
7.12396456709
9.27937531936
7.01336005996
11.3093077301
10.5926269918
9.53417455861
7.05040344146
9.60354522893
9.84073639614
10.733259977
11.5422122137
8.66477372913
9.73081597211
10.2896060618
