[ 0.31285491  0.32151997  0.60667732  0.08740917  0.79308023  0.39674217
  0.05112417  1.01311253  0.77739703  0.56555875]
[ 0.42603373  0.26481802  0.99365229  0.09100099 -0.02745335 -0.05432727
  0.97689654  0.30607188  0.99273407  0.56339358]
[ 0.30569053  0.74064442  0.32888052  0.78950276  0.79983032  0.43122031
  0.97784171  0.83158618  0.98470918  0.11309067]
[ 0.60624807  1.01375352  1.0071756   1.14257523  0.89592414  0.15170809
  0.00670071  0.90653459  0.41162103  0.73776897]
[ 0.49289351  0.42627252  0.4189965   0.49191359  0.73930913  0.50934673
  0.80622051  0.21353868  0.16326144  0.60409414]
[ 1.04793262  0.08718733  0.58840361  0.77181804  0.49161173  1.05800651
  0.74727006  0.596928    0.63395397  0.39414581]
[ 0.75156291  0.22243339  0.97158839  0.27466767  0.76895626  0.12831615
  0.17193657  0.1574015   0.29360276  0.10394221]
[ 0.77678372  1.03337082  0.59462576  0.45111255 -0.06125846  0.5989873
  0.16200972  0.74482665  0.51272052  0.16800589]

1.3025265407
1.54209371248
1.35503070579
1.58028695235
1.08510602609
1.32944727479
1.36186836419
1.33475278812
