[  3.84739750e-01   2.18661000e-01   4.95285500e-01   5.08169875e-01
   6.59223000e-01   9.25424000e-01   9.43069875e-01   5.97502500e-01
   7.40069250e-01   8.35003625e-01   8.75218500e-01   2.84607500e-02
   8.09997500e-02   9.97536375e-01   2.00681125e-01   9.51428750e-01
   7.62853625e-01   5.72271125e-01   2.90961500e-01   1.70104500e-01
   3.37023250e-01   1.99237000e-01   2.16369000e-01   7.85843250e-01
   4.01486250e-02   7.36294750e-01   6.34591875e-01   9.63401750e-01
   6.87694875e-01   5.62734250e-01   8.18991750e-01   3.47185625e-01
   1.01516538e+00   4.91987875e-01   9.41080125e-01   8.48073750e-01
   9.46375000e-04   8.38089500e-01   7.79715250e-01   8.64588750e-02
   1.34065875e-01   5.67196500e-01   9.04636125e-01   3.90779250e-01
   3.26691000e-01   2.45100750e-01   6.30802375e-01   6.47522750e-01
   1.19954250e-01   8.78533625e-01   8.27035500e-01   9.24051750e-01
   2.21476250e-02   1.01895312e+00   2.00174000e-01   9.22287500e-02
   4.88169250e-01   5.60771875e-01   4.86433750e-01   3.68477875e-01
   4.73713875e-01   2.40229375e-01   7.86743375e-01   9.86320625e-01
   5.75513500e-01   2.39387750e-01   1.09099875e-01   5.34478500e-01
   8.94063125e-01   2.88993375e-01   6.89568125e-01   9.95098875e-01
   1.53563250e-01   4.88099250e-01   8.23119750e-01   7.06858500e-01
   9.55882000e-01   8.37274875e-01   3.91428875e-01   6.81249875e-01
   8.77633000e-01   2.27225000e-02   5.82720750e-01   2.39370750e-01
   4.81116750e-01   9.08079000e-01   7.84903625e-01   4.89227500e-01
   2.13903500e-01   8.69072875e-01   1.89064625e-01   7.33206250e-01
   5.35770875e-01   1.80078000e-01   3.98814500e-01   2.26116250e-01
  -9.56412500e-03   8.69313625e-01   3.36094500e-01   2.62505125e-01
   5.46143250e-01   5.64739125e-01   7.41354000e-01   1.74974625e-01
   2.82888000e-01   1.31742500e-02   3.26343750e-01   1.98842750e-01
   1.09806500e-01   3.22770375e-01   3.48046000e-01   2.46128250e-01
   7.01112375e-01   3.33606375e-01   5.38603500e-01   4.87417375e-01
   9.68695875e-01   4.11161875e-01   8.50575500e-01   7.31586375e-01
   1.22123125e-01   7.73339500e-01   5.60331500e-01   9.64467125e-01
   7.40905500e-01   4.50518750e-01   3.06210375e-01   8.86034500e-01
   5.99788625e-01   5.80803500e-01   9.32455750e-01   9.90572125e-01
   8.31364500e-01   7.46609500e-01   5.32144625e-01   3.48650750e-01
   3.73981125e-01   4.00698875e-01   9.55356625e-01   5.86966750e-01
   9.65234500e-01   4.74966875e-01   1.41504000e-01   5.33605875e-01
   7.72515250e-01   4.11463250e-01   6.89860750e-01   7.66882375e-01
   6.06284250e-01   2.98497625e-01   1.93767000e-01   1.94952500e-02
   3.84339625e-01   8.70034125e-01   8.04350000e-01   8.51456250e-01
   2.92204125e-01   3.71532000e-01   9.06632750e-01   3.75376375e-01
   4.95516375e-01   1.53600125e-01   4.93873625e-01   9.94690000e-01
   6.95247500e-01   8.94455625e-01   9.85214500e-01   1.40923625e-01
   9.73797875e-01  -3.46607500e-02   6.35047500e-02   7.40190625e-01
   6.45356250e-02   7.90364500e-01   2.42575875e-01   4.77431375e-01
   5.29734250e-01   6.28377500e-02   7.77606875e-01   1.58248750e-01
   4.05168625e-01   3.14346250e-01   3.24132875e-01   8.34935125e-01
   1.90722875e-01   9.64832750e-01   3.16024000e-01   5.91831625e-01
   4.68497125e-01   1.05687875e-01   4.31157625e-01   2.94205000e-01
   8.21310250e-01   2.72237125e-01   1.93773750e-01   1.00565963e+00
   5.34828750e-02   7.04684125e-01   2.15985000e-02   1.95614625e-01
   5.04055875e-01   9.62585000e-01   5.43390000e-02   6.32107375e-01
   4.32481500e-01   9.62605750e-01   3.40890125e-01   9.86158000e-01
   8.23788125e-01   4.81477875e-01   5.08466125e-01   8.47517375e-01
   4.07124125e-01   4.43104250e-01   8.94671750e-01   3.33168750e-01
   2.62750375e-01   7.31377750e-01   9.27240000e-02   9.37421625e-01
   7.91685375e-01  -1.88357500e-02   9.76095625e-01   7.27176875e-01
   9.15091375e-01   4.77056500e-01   8.71008750e-01   7.44617125e-01
   7.25265375e-01   1.33023500e-01   4.28964500e-01   1.75633750e-02
   5.61558625e-01   8.18400250e-01   2.60183750e-01   1.01469950e+00
   2.88964000e-01   9.30475125e-01   6.74426125e-01   4.34499000e-01
   2.21846250e-01  -8.36750000e-03   5.58641125e-01   3.69902500e-01
   6.90489625e-01   4.29629625e-01   1.11330875e-01   5.02172125e-01
   8.01575000e-02   1.56171250e-01   1.37837375e-01   4.32672875e-01
   9.57366250e-02  -1.99293750e-02   9.45885500e-01   3.30019625e-01
   9.18009250e-01]
[ 1.029457    0.47249825  0.274031    0.61423737  0.44593475  0.776138
  0.128715    0.10228975  0.20702162  0.90814975  0.72378462  0.50427762
  0.645726    0.24308775  1.0192035   0.1766585   0.79406225  0.16034462
  0.23629025  0.02326938  0.01726812  0.56191388  0.11005575  0.62321812
  0.13656013 -0.01711137  0.98240175  0.34830025  0.18795175  0.00432112
  0.2169585   0.4123195   0.09375887  0.88518688  0.3363715   0.43428862
  0.43319025  0.6262695   0.48367175  0.808541    0.14411562  0.56842488
  0.74451437  0.18011438  0.45540563  0.64752338  0.0286965   0.27604862
  0.56577025  0.47463212  0.42378288  0.022218    0.10599312 -0.02710613
  0.286658    0.972451    0.56005413  0.85779437  0.65644463  0.75947862
  0.98168013  0.9290535   0.85987825  0.44700438  0.31173013  0.47506875
  0.68283238  0.22998025  0.51058563  0.73220937  0.79500837  0.23268112
  0.15517338  0.03168175  0.47371388  0.82583038  0.22555     0.76166563
  0.666658    0.99927625  0.632715    0.47758175  0.93150537  0.91719563
  0.4073575   0.1035595   0.22284812  0.14092313  0.5950135   0.68769388
  0.10431475  0.1811595   0.08338062  0.11740325  0.54756     0.3742165
  0.4563485   0.53931375  0.31460712  0.9512225   0.59647275 -0.01836562
  0.63458925  0.65085013  0.27251538  0.28765625  0.52789025  0.75026887
  1.02123988  0.2469585   0.81580725  0.36262262  0.383956    0.42181225
 -0.00208763  0.73994437  0.54499725  0.34746     0.69302712  0.51771825
  0.28116725  0.84676162  0.63427225  0.11679863  0.6997225   0.35422025
  0.68887788  0.02854063  0.90722875  0.6013175   0.95416     0.50191937
  0.64080037  0.35402925  0.373487    0.99451862  0.10903637  0.26535625
  0.42524563  0.73387437  1.02509713  0.97261837  0.14358625  0.15125375
  0.28411312  0.62328962  0.00183475  0.45161838  0.945764    0.57379837
  0.0253465   1.01721375  0.32123488  0.118612    0.55299588  0.8739745
  0.49629337  0.6234945   0.46196975 -0.0162985   0.02010575  0.725668
  0.99057475  0.9521855   0.88399063  0.79673425  0.03091088  0.33271875
  0.50673888  0.60336963  0.37192638  0.35031325  0.39388338  0.67197688
  0.24402513  0.540741    0.37096038  0.32786075  0.765047    0.62471188
  0.89454775  0.04999713  0.98267688  0.28253062  1.005479    0.9211315
  0.3549975   0.39979088  0.10725187  0.89968037  0.09484238  0.793205
  0.25709025  1.0263885   0.61849387  0.02119425  0.43349375  0.906486
  0.19228462  0.62905725  0.663776    0.42350138  0.594083    0.18762587
  0.50500212  0.71876825  0.20073162  0.42286337  0.736505    0.80822788
  0.18977887  0.156619    0.98188412  0.51753138  0.51041863  0.3224415
  0.24219937  0.05502362  0.23057287  0.46798512  1.00122888  0.41723737
  0.8584905   0.79077637  0.78597125  0.47851062  0.52099613  0.0358695
  0.310736    0.58956887  0.30300375  0.98276637  0.18093538  0.08574287
  0.95873963  0.11454388  0.16284537  0.81281238  0.57091387  0.58319612
  0.2096555   0.51057038  0.92902925  0.8669355   0.60429537 -0.00310538
  0.91593875  0.43701975  0.15518113  0.8254355   0.615582    0.63420663
  0.22228163  0.82757838  0.31039512  0.53339963  0.47237513]
[  6.84112500e-02   6.31169750e-01   6.22035125e-01   9.20093375e-01
   7.49414500e-01   1.00391038e+00   8.45385250e-01   4.91653375e-01
   3.59000000e-04   1.28118125e-01   2.51830625e-01   9.78155250e-01
   1.15853625e-01   8.36293000e-01   9.50316250e-01   9.58077375e-01
   4.80491250e-02   6.86914250e-01   5.37015000e-01   5.93693875e-01
   3.88642625e-01   9.78502500e-02   9.37182375e-01   4.25102250e-01
  -1.94087500e-02   7.55585500e-01   5.28293500e-01   4.85408250e-01
   6.45988375e-01   2.36390375e-01   7.22114750e-01   2.09790250e-01
   8.54392500e-01   2.26904125e-01   6.53496250e-01   7.81637000e-01
   9.30554250e-01   1.60236250e-02   8.25627500e-02   8.07783250e-01
   1.16337250e-01   5.78202125e-01  -4.23287500e-03   8.95574250e-01
   9.82512250e-01   2.90013500e-01   4.84323000e-01   1.11192250e-01
   2.92325500e-01   2.72714750e-01   2.22548625e-01   7.71461500e-01
   4.34191500e-01   4.89407500e-01   7.46299250e-01   4.03483750e-02
   5.53285750e-01   4.60005000e-02   4.46312500e-01   8.94074750e-01
   4.23421250e-02   1.02068025e+00   4.66738000e-01   6.87002000e-01
   5.54827375e-01   3.90203875e-01   6.68995750e-01   8.50449250e-01
   4.70293750e-02   8.16125500e-01   3.31478000e-01  -2.23823750e-02
  -1.41941250e-02   8.83546250e-02   8.51998500e-01   3.05553250e-01
   5.40322375e-01   8.43961125e-01   6.64156250e-02   6.04509500e-01
   5.47231625e-01   1.52078250e-01   1.31553750e-02   3.77322750e-01
   9.10326250e-01   9.37923750e-02   4.77641375e-01   8.15194625e-01
   9.21183000e-01   6.23918375e-01   6.03793125e-01   8.56930750e-01
   4.20586625e-01   7.73846125e-01   1.04108125e-01   6.78946750e-01
   1.84326375e-01   2.70546250e-02   1.55005625e-01   8.22205500e-01
   2.70733625e-01   1.74199875e-01   9.49593750e-01   1.04560000e-01
   8.09451125e-01   2.28418500e-01   5.56154500e-01   9.49928750e-02
   3.98261875e-01   5.24239125e-01   3.07679625e-01   9.95672750e-01
   1.73385375e-01   3.14936875e-01   3.17503375e-01   1.00268937e+00
   6.71538500e-01   8.97444500e-01   3.85973250e-01   4.66175000e-01
   6.28522375e-01   1.83092875e-01   8.76360000e-01   7.40711500e-01
   7.19586125e-01   1.88798750e-01   2.86730125e-01   2.84959125e-01
   6.53577625e-01   6.45514625e-01   6.54877875e-01   9.33401875e-01
   7.97609375e-01   6.81611875e-01   6.95603750e-02   1.02357225e+00
   5.20525125e-01   9.55101250e-02   2.96882125e-01   5.96756000e-01
   5.73692125e-01   6.10556625e-01  -1.33355000e-02   1.34251250e-01
   4.85289125e-01   9.81093250e-01   5.63082500e-02   3.22455375e-01
   3.74466375e-01   5.96071250e-02   3.98479500e-01   8.53814000e-01
   2.61231625e-01   7.67393750e-02   2.45177875e-01   1.76943000e-01
  -1.12227500e-02   9.52868750e-01   1.43815250e-01   1.24952625e-01
   4.24894875e-01   7.03031875e-01   5.01855000e-02   3.48175000e-01
   2.59499875e-01   4.68340250e-01   2.26630000e-02   2.18092875e-01
   8.00434000e-01   9.70716875e-01   2.38722375e-01   5.09875625e-01
   4.16012250e-01  -2.22262500e-03   1.28046875e-01   6.88864875e-01
   2.56940625e-01   3.69675000e-01   2.58491000e-01   6.67206500e-01
  -2.52537500e-02   7.14446250e-01   8.62586875e-01   5.98330625e-01
   5.62649000e-01   5.62142500e-02   8.00944625e-01   2.50929125e-01
   2.60366250e-02   8.63016500e-01   7.78403750e-01   9.88715375e-01
   1.98961125e-01   9.57408750e-01   4.92006500e-01   1.50025500e-01
   3.53304250e-01   8.39951250e-02   5.52091750e-01   6.69033625e-01
   7.89218250e-01   7.79758375e-01   9.81585250e-01   9.58913875e-01
   6.86857625e-01   4.04399000e-01   8.15557500e-01  -7.00612500e-03
   2.71551375e-01   3.66488250e-01   7.93956625e-01   2.34913250e-01
   5.24003250e-01   4.65384375e-01   3.55157250e-01  -1.23205000e-02
   3.89617750e-01   2.78044000e-01   1.27272750e-01   1.11312250e-01
   6.62687500e-01   2.91859125e-01   8.04771875e-01   8.09760500e-01
   1.01662088e+00   6.90665000e-02   4.90893125e-01   6.58046375e-01
   8.62085375e-01   8.20944375e-01   4.60084500e-01  -2.51125000e-04
   5.08263750e-01   9.22315750e-01   1.24593625e-01   4.96412875e-01
   7.10762625e-01   4.43288875e-01   3.33978750e-02   1.70628250e-01
   8.62699750e-01   3.43477000e-01   3.89176625e-01   6.56162125e-01
   6.35877000e-01   3.78183375e-01   2.72706750e-01   1.01626250e-01
   9.79304500e-01   4.32959750e-01   2.98347750e-01   6.75844250e-01
   6.64830000e-02   7.41904500e-01   1.30361125e-01   1.94708625e-01
   7.55301250e-01]
[  6.71257750e-01   3.05776750e-01   4.56559875e-01   3.22525250e-01
   2.46760625e-01   1.77606750e-01   4.05448625e-01   9.91380000e-01
   2.72634375e-01   6.19595250e-01   8.74141000e-01   3.69112250e-01
   2.70499875e-01   3.10878375e-01   7.10492250e-01   6.09476125e-01
   8.50198375e-01   7.60345375e-01   9.58972875e-01   4.86856750e-01
   1.60472375e-01   9.46906875e-01   7.63726375e-01   7.92090000e-02
   2.69950375e-01   5.20729250e-01   8.91252250e-01   4.64642625e-01
   9.45507000e-01   6.05516750e-01   9.08832375e-01   6.29088250e-01
   2.99157125e-01   4.71628375e-01   6.29683125e-01   2.57940000e-01
   1.03045000e-02   5.18814250e-01   8.67363125e-01   9.49587375e-01
   9.83611750e-01   5.23713875e-01   4.45647875e-01   2.18932875e-01
   6.25010875e-01  -4.92250000e-04   7.36099750e-01   6.54409750e-01
   4.37907500e-02   2.47820000e-02   9.19072500e-02   9.22530000e-02
   4.95882500e-02   1.01047313e+00   1.43829250e-01   6.91357000e-01
   9.24314250e-01   8.10069125e-01   8.83899375e-01   4.61965625e-01
   5.78714875e-01   4.95200000e-02   5.92232375e-01   8.64277875e-01
   9.81009625e-01   9.05521375e-01   1.50436875e-01   7.96252000e-01
   3.10844375e-01   1.86402375e-01   9.13999625e-01   2.54753625e-01
   7.74512500e-02   1.73755000e-01   8.81117750e-01   8.40873875e-01
   4.06467125e-01   8.94113750e-02   2.57940250e-01   1.47657375e-01
   9.91251250e-02   7.33003750e-02   8.88840750e-01   6.10745000e-01
   1.07328375e-01   1.41709875e-01   6.11810875e-01   3.45034500e-01
   5.41213000e-01   9.23389750e-01   4.45998500e-01   8.36650000e-03
   1.00467325e+00   1.77864375e-01   8.36962125e-01   9.38098750e-02
   3.02807125e-01   8.40084250e-01  -1.59496250e-02  -1.12130000e-02
   4.38783750e-02   6.88850875e-01   1.01450375e-01   2.01175375e-01
   3.39123250e-01   4.08283125e-01   3.48616500e-01   1.51987250e-01
   5.00498875e-01   2.21575000e-02   4.57432250e-01   5.21518750e-01
   2.61150375e-01   6.82968125e-01   1.87094125e-01   6.94835750e-01
   3.47228125e-01   6.11297750e-01   8.37247125e-01   7.87524000e-01
   5.35501625e-01   8.30331500e-01   5.61428125e-01   5.61495875e-01
   3.84486750e-01   8.96387000e-01   3.54102125e-01   9.50498125e-01
   9.96053625e-01   5.70858375e-01   3.19403625e-01   4.88461500e-01
   4.20366750e-01   1.47331125e-01   4.78690000e-01   8.73490000e-01
   1.96422125e-01   5.08425750e-01   9.18872500e-02   5.31783000e-01
   8.38256375e-01   2.57686750e-01   1.29214500e-01   7.30252000e-01
  -1.58112500e-03  -1.18943750e-02   1.93715500e-01   8.04028375e-01
   6.28159000e-01   9.47854750e-01   3.15240000e-01   5.25718750e-02
   1.01028450e+00   7.80312375e-01   8.33049125e-01   8.26857000e-01
   3.49404250e-01   9.96392000e-01   5.62575375e-01   9.91210500e-01
   8.09449625e-01   9.40515375e-01   3.76470750e-01   3.91687250e-01
   2.81078125e-01   2.49347375e-01   5.56020000e-01   6.26686125e-01
   5.27073500e-01   6.45346000e-01   6.79083125e-01   1.01990150e+00
   4.18314375e-01   8.12019625e-01   8.69980250e-01   7.89372125e-01
   6.76433250e-01   2.87001250e-01   7.30781250e-02   5.41320125e-01
   7.19862250e-01  -6.97237500e-03   4.24664375e-01   9.76973750e-02
   4.14444000e-01   9.13113750e-02   2.84458875e-01   3.49750000e-02
  -1.05022500e-02   1.47243750e-02   1.11828500e-01   4.13910000e-01
   7.79699375e-01   1.19561125e-01   3.14798875e-01   3.94267125e-01
   4.47094625e-01   9.10351125e-01   5.43346375e-01   2.38555500e-01
   3.71538375e-01   3.80560000e-02   2.66510375e-01   6.95408250e-01
   5.70943250e-01   1.01727675e+00   3.64676375e-01   6.06693000e-01
   1.24830625e-01   4.99880250e-01   8.08890750e-01   2.46588000e-01
   7.88719875e-01   7.48570875e-01   9.35667375e-01   1.78949375e-01
   3.48752250e-01   8.93540625e-01   6.39568875e-01  -2.08341250e-02
   8.68669250e-01   7.84581500e-01   1.53888875e-01   8.98496250e-01
   1.58499000e-01   8.65189125e-01   5.95465750e-01   3.03166625e-01
   6.89006625e-01   8.05288375e-01   2.43964625e-01   1.95392375e-01
   2.80121875e-01   7.91961500e-01   6.26440125e-01   9.96622875e-01
   3.04225500e-01   6.73466750e-01   7.06141625e-01   5.60916750e-01
   2.64275750e-01   6.89073375e-01   5.79723875e-01   3.41277000e-01
   2.58934000e-01   6.80862625e-01   5.54008750e-01   7.39713250e-01
   7.95657000e-01   7.06834250e-01   6.46145875e-01   2.26624625e-01
   8.19025750e-01   3.01577250e-01   1.04920000e-01   5.53252125e-01
   1.20505625e-01]
[ 0.13209563 -0.00988125  0.36149063  0.25631825  0.15877162  0.97047037
  0.27839275  0.45122662  0.08427638  0.20197662  0.52191925  0.35513537
  0.3512765   0.27700212  0.93952188  0.68229463 -0.0143105   0.31943688
  0.01003787  0.005355    0.52408813  0.32273488  0.29420012  0.11902863
  0.79318975  0.16624237  0.473345    0.63179225  0.9374275   0.74392975
  0.46905375  0.21238637  0.93734863  0.79544713  0.16936263  0.350046
  0.403119    0.60443087  0.70379875  0.20911837  0.127472    0.55665088
  0.00703213  0.8229535   0.98105275  0.90885262  0.52815537  0.69940662
  0.24148     0.21944388  0.09951787  1.01089575  0.3294235   0.14490063
  0.49431375  0.06509125  0.66600963  0.63511725  0.970409    0.16707163
  0.27526575  0.96684787  0.91777487  0.92892513  0.74355938  0.77099788
  0.03971437  0.80774525  0.76119412  0.05878525  0.1022045   0.39939263
  0.10543225  0.64335175  0.79842788  0.94828775  0.83417037  0.67353475
  0.5722345   0.7512005   0.43201062  0.56305275  0.31822338  0.83040187
  0.96252637  0.40087562  0.03684287  0.53158888  0.43740488  0.34946412
  0.28983687  0.72898675  0.67343812  0.35280112  0.462064    0.42817813
  0.86796487  0.5609335   0.17810075  0.94748138 -0.01363087  0.86845412
  0.53733513  0.34652012  0.5353475   0.8678975   0.81832563  0.71557912
  0.1566555   0.837016    0.76108387 -0.01326775  0.79448213  0.58968325
  0.2666035   0.10869525  0.46050463  0.94819875  0.29344125  0.025178
 -0.01145225  0.90708663  0.318313    0.55991613  0.98164162  0.33572263
  0.52975187  0.50527575  0.40156412  0.64344925  0.58064062  0.950972
  0.50297112  0.06051313  0.794678    0.40203562  0.61315075  0.47818275
  0.245498    0.10181512  0.08692025  0.57816238  0.72423225  0.983692
  0.52661513  0.26685313  0.25727825  0.17753213  0.953968    0.51176438
  0.9859755   0.69759737  0.07392388  0.92908238  1.02355037  0.59939712
  0.75824925  0.34112187  0.501937   -0.02061413  0.26879663  0.05160425
  0.90027137  0.43275812  0.18626625  0.27825925  0.98715825  0.649935
  0.82978287  0.42523925  0.79544813  0.688709    0.72188875  0.65894988
  0.29789062  0.26699138  0.18496738  0.14079612  0.67724475  0.18450575
  0.33490475  0.22115563  0.84194662  0.17766813 -0.01573525  0.84355587
  0.38751688  0.16797737  0.9824625   0.04296325  0.87261088  0.47478975
  0.17765813  0.35846412  0.681383    0.70813437  0.594619    0.28594712
  0.47922837  0.55058213  0.8213175   0.26662888  0.42391762  0.8094785
  0.52715212  0.30874488  0.623823   -0.00771625  0.4602045   0.08274188
  0.372456    0.3391265   1.00955112  0.256236    0.31113988  0.04189387
  0.94617838  0.20638025  0.09760613  0.80373825  0.796768    0.44058875
  0.38273713  0.093526    0.55161788  0.34477225  0.29209513  0.7211945
  0.53360763  0.88285512  0.84928937  0.969804    0.17259013  0.5720575
  0.65064525  0.48535225  0.57361087  0.55728875  0.047087    0.09999125
  0.02200738  0.668358    0.41122012  0.29876562  0.59131137  0.20076812
  0.27360863  0.05069025  0.19046938  0.99230312  0.22766438  0.6954715
  0.09935463  0.25964287  1.013274    0.0310095   0.11570175]
[  3.38274250e-01   1.37097000e-01   1.59738875e-01   6.25731875e-01
   4.64657500e-02   2.68963500e-01  -1.64193750e-02   5.10781375e-01
   5.15890250e-01   3.15793625e-01   7.02024125e-01   6.10950875e-01
   5.69642500e-01   3.84631250e-01   1.10617375e-01   9.99136000e-01
   6.76251125e-01   1.09641375e-01   8.06937500e-03   1.49961250e-01
   3.05943875e-01   4.86919500e-01   1.67351750e-01   5.08027000e-01
   8.44605875e-01   8.69393750e-01   5.69592625e-01   7.27423500e-01
   1.41101500e-01   7.19523375e-01  -1.32380000e-02   7.03625125e-01
   6.67452500e-02   3.55039250e-01   9.77157375e-01   7.60698500e-01
   5.09526125e-01   4.14672625e-01   5.20333750e-02   8.25469500e-01
   7.99701250e-01   2.71786250e-01   9.30726875e-01   5.20098250e-01
   1.50066250e-01   6.67278125e-01   6.72507750e-01   4.68760000e-02
   2.39447875e-01   2.75261250e-01   7.82638875e-01   8.05679625e-01
   1.01340375e+00   1.31606125e-01   1.36961250e-02   1.02936000e-01
   4.77081375e-01   3.60537875e-01   6.33864375e-01   3.25903000e-01
   7.36098125e-01   2.22171625e-01   8.77635375e-01   2.15874250e-01
   3.75549625e-01   4.24124125e-01   2.02165000e-02   4.16867500e-02
   2.99945750e-01   9.30464750e-01   4.98742375e-01   3.05527750e-01
   9.37798750e-02   1.73661000e-01   4.94653875e-01   7.25528625e-01
   9.00400250e-01   6.42973250e-01   9.27643000e-01  -1.18381250e-02
   6.62748875e-01   8.67484000e-01   3.58486250e-01   5.68344875e-01
   2.71013875e-01   2.53111625e-01   9.71199500e-01   6.69303625e-01
   1.02540363e+00   3.90636250e-01   8.96547125e-01   8.36157875e-01
   2.36750000e-04   4.67749250e-01   2.10467500e-01   9.94198125e-01
   5.30496750e-01   5.40488375e-01   9.50985000e-02   4.52991250e-02
   1.04308375e-01   7.86570625e-01   3.29779000e-01  -2.20341250e-02
   2.75725625e-01   7.01461250e-01   7.14446625e-01   1.59952625e-01
   9.94273250e-01   6.79965000e-01   8.69112500e-02   4.16798875e-01
   2.06179750e-01   8.41078750e-02   3.83450875e-01   6.33898250e-01
   8.91924125e-01   5.18218875e-01   3.23561375e-01   6.64855125e-01
   8.93091000e-01   6.13015500e-01   3.82621125e-01   2.25880750e-01
  -1.63461250e-02   5.22212125e-01   1.09041875e-01   8.61600750e-01
   5.89849250e-01   9.86747500e-02   9.06153375e-01   8.57382125e-01
   1.01691100e+00   1.87930000e-01   8.99650125e-01   2.33897125e-01
   2.89702875e-01   8.11513750e-01   3.09953125e-01   7.02410125e-01
   8.32589875e-01   4.23549250e-01   1.66204750e-01   8.07718250e-01
   2.67844000e-01   5.18372125e-01   6.55877875e-01   3.75522250e-01
   7.64407625e-01   7.63189625e-01   8.91406000e-01   2.02037125e-01
   7.83861250e-01   6.35754625e-01   3.40969750e-01   6.28771875e-01
   2.26855000e-02   7.90506750e-01   9.00358625e-01   7.53590500e-01
   7.90133500e-01   1.44765750e-01   9.44830625e-01   1.79733375e-01
   3.64995750e-01   6.97428750e-02   9.72770000e-02   5.12214125e-01
   6.20696375e-01   2.01691500e-01   3.95711625e-01   2.54745000e-02
   5.74966750e-01   9.17451250e-02   8.95133750e-01   6.76922875e-01
   5.41333000e-01   2.33719000e-01   3.96010625e-01   8.45713250e-01
   4.47750250e-01   7.25339000e-01   8.20012625e-01   5.56612500e-02
   3.60253875e-01   6.04233500e-01   4.96897375e-01   3.89852000e-01
   8.15704750e-01   3.46781500e-01   1.19716625e-01   9.25968750e-01
   9.11168000e-01   9.39630000e-02   5.55975375e-01   6.82058750e-02
   7.30753125e-01   9.34579375e-01   4.78756125e-01   2.27779875e-01
   1.38052125e-01   1.17116000e-01   9.17482750e-01   4.11978500e-01
   8.24040000e-01   2.87171750e-01   7.11248125e-01   8.22234000e-01
   9.86206875e-01   5.53813125e-01   9.59830875e-01   1.00297225e+00
   5.15430000e-01   4.04007750e-01   4.36942500e-01   2.82045750e-01
   7.25898125e-01   7.59853625e-01   4.20457250e-01   8.49652375e-01
   8.09031875e-01   3.02034750e-01   4.78622250e-01   1.15610625e-01
   2.71194750e-01   6.89539000e-01   8.47069875e-01   1.85368000e-01
   3.35786250e-01   6.07475000e-01   2.51166750e-01   9.26089500e-01
   4.14048125e-01   1.87112500e-02   8.69658125e-01   7.18099625e-01
   5.75889375e-01   2.85872875e-01   3.18051000e-01   4.86709250e-01
   9.47202625e-01   7.95980500e-01   4.00665000e-01   5.29804000e-01
   9.40067375e-01   2.93434375e-01   5.44660250e-01   5.09898375e-01
   1.25427750e-01   7.36810625e-01   6.67286750e-01   8.54369375e-01
   6.66149750e-01   1.02538813e+00   2.60504750e-01   1.11733375e-01
   1.17437125e-01]
[  1.40547250e-01   6.71995000e-01   2.44197250e-01   2.47025750e-01
   4.97371375e-01   1.21279125e-01   1.22546500e-01   4.72338000e-01
   7.02375750e-01   1.02126987e+00   5.53685875e-01   9.97678000e-01
   5.39524875e-01   3.19668250e-01   2.78842750e-01   8.95730625e-01
   2.78476500e-01   8.25105000e-01   9.63689875e-01   5.41192500e-01
   9.97056375e-01   3.81882875e-01   1.24423250e-01   5.92180125e-01
   6.74849125e-01   5.23698625e-01   8.74309125e-01   5.61010250e-01
   9.25408875e-01   6.01753750e-02   5.03285250e-01  -7.99875000e-03
   4.12615875e-01   5.12239875e-01   8.44185250e-01   4.67177375e-01
   9.48253500e-01   2.47900000e-01   2.19939125e-01   5.04676250e-02
   7.65806625e-01   1.68154500e-01   3.85823625e-01   2.24353625e-01
   9.17409000e-01   5.83852625e-01   2.22974500e-01   9.18053250e-01
   2.18022500e-01   5.68063000e-01  -6.80112500e-03   6.77422875e-01
   3.17989875e-01  -8.08000000e-04   9.26332750e-01   6.72024750e-01
   9.90990500e-01   8.64874250e-01   4.87517500e-01   3.57940625e-01
   9.78460375e-01   9.76872500e-01   3.69166250e-02   4.14520250e-01
   7.00991500e-01   1.18806250e-01   4.60091375e-01   3.25628625e-01
   8.98031250e-01   4.05590250e-01   2.58425000e-02   7.47437125e-01
   5.24257625e-01   5.49487750e-01   6.21114125e-01   2.51290000e-02
   1.81447500e-02   9.17793375e-01   6.55235000e-01   1.64028750e-01
   7.47267250e-01   9.17739125e-01   3.38057250e-01   8.81427750e-01
  -3.41362500e-03   9.57966250e-01   6.25961250e-01   1.24699750e-01
   2.06175250e-01   8.44247750e-01   1.44456250e-02   2.06428875e-01
   3.80198625e-01   5.52631500e-01   8.71784625e-01   1.13085125e-01
   8.13524500e-01   9.81645125e-01   9.96577375e-01   5.79350000e-01
   9.73022875e-01   4.05699625e-01   5.93264750e-01   6.58981000e-01
   4.62000625e-01   9.19486375e-01   5.25910125e-01   1.47516250e-01
   4.71872000e-01   6.06232625e-01   6.96983625e-01   4.89790000e-01
   1.41404875e-01   2.52750125e-01   7.37343375e-01   6.01758750e-01
   8.72515625e-01   5.07428625e-01   3.14776625e-01   8.64879125e-01
   7.55087375e-01   2.76668250e-01   3.50175750e-01   4.67246500e-01
   3.64085000e-02   6.70334250e-01   8.33330250e-01   1.23553750e-02
   2.00336125e-01   7.59225000e-01   5.31435375e-01   8.56062500e-03
   5.26292750e-01   2.50691500e-01   6.69231125e-01   7.58658500e-01
   5.83353750e-01   4.04482500e-01   5.30686125e-01   3.12740375e-01
   6.13242125e-01   9.16652625e-01   8.90809375e-01   9.62494375e-01
   9.37556625e-01  -2.77210000e-02  -1.59348750e-02   1.26346750e-01
   7.42019750e-01   6.25390000e-01   4.91844375e-01   1.92195875e-01
   2.99643750e-02   5.30487500e-01   4.36658875e-01   7.41581250e-02
   4.26942500e-02   8.96327875e-01   5.03731250e-01   5.86840750e-01
   5.09180875e-01   8.27817000e-01   7.02242000e-01   4.86598250e-01
   7.33246000e-01   9.39889750e-01   8.00703750e-01   5.12529750e-01
   7.38388625e-01   5.70667125e-01   7.40224000e-01   3.93516750e-01
   1.74028000e-01   8.06059750e-01   3.29401750e-01   7.31574625e-01
   1.73015750e-01   3.06004750e-01   9.29589125e-01   2.36194000e-01
   5.23632125e-01  -9.12487500e-03   2.96503625e-01   1.04923000e-01
   9.07862375e-01   2.34789500e-01   8.18246375e-01   4.51661500e-01
   4.98841500e-01   7.37314000e-01  -1.90228750e-02   5.28516875e-01
   2.39101250e-01   2.29725000e-02   1.76317500e-01   1.20021500e-01
   5.29146500e-01   9.64342500e-02   9.93221500e-01   6.89002250e-01
   3.57060875e-01   9.90468750e-02   2.49787500e-02   6.54100250e-01
   8.21332125e-01   4.45680750e-01   7.28772875e-01   1.92928750e-01
   8.33565000e-02   7.38412500e-03   5.51662500e-01   8.75486500e-01
   1.89302625e-01   3.39785875e-01   5.63186000e-01   6.70397500e-01
   6.31137875e-01   5.85216500e-01   9.25059125e-01   1.94528250e-01
   8.71831250e-01   5.22573625e-01   1.61333750e-02   2.52934625e-01
   9.74280250e-01   9.00313750e-02   7.02236500e-01   3.43922875e-01
   1.86027375e-01   1.25897500e-01   1.34758000e-01   5.47210500e-01
   8.77391250e-01   3.42095250e-01   5.12192625e-01   6.34629500e-01
   8.48170500e-01   7.99816750e-01   2.14245375e-01   7.08743875e-01
   4.31609625e-01   7.20713875e-01   9.25170000e-01   2.97789500e-01
   8.14710250e-01   8.41131375e-01   3.34029625e-01   8.25387250e-01
   8.52247500e-02   1.07262875e-01   2.56963625e-01   9.81456500e-01
   6.32398500e-01  -4.56475000e-03   6.26092125e-01   6.99128750e-02
   2.94875875e-01]
[  3.18290000e-02   4.29553500e-01   7.08567500e-02   5.35767500e-02
   5.42848750e-02   6.27043500e-01   8.99862750e-01   2.64610000e-02
   3.33562625e-01   7.26763375e-01   1.74286125e-01   4.04542500e-02
   6.45906000e-01   8.35507500e-02   7.66651250e-01   9.50336375e-01
   4.54231250e-01   3.29830875e-01   7.66700875e-01   3.30336250e-01
   6.96672000e-01   4.02402125e-01   8.00550875e-01   8.23622500e-01
   9.31966500e-01   8.29533250e-01  -1.60012500e-03   4.21571500e-01
   6.19536250e-02   6.07337375e-01   7.79010125e-01   4.05367500e-02
   1.00324725e+00   2.17779375e-01   7.69831125e-01   5.18100875e-01
   5.62500500e-01   6.79163125e-01   7.90163375e-01   8.31123500e-01
   1.57348250e-01   2.81598250e-01   6.50888750e-02   8.05491250e-01
   7.10251750e-01   6.06152625e-01   4.73097000e-01   9.22303375e-01
   3.48476250e-02   3.98555000e-02   2.63229125e-01   3.07886375e-01
   2.13380125e-01   7.33302500e-01   3.27497500e-02   5.89798375e-01
   7.33220000e-02   8.37105500e-01   3.18870375e-01   1.34837250e-01
   4.83305625e-01   5.37168500e-01   7.62993750e-02   5.19997625e-01
   5.45135375e-01   9.00020125e-01   4.61233250e-01   6.01276000e-01
   9.55227000e-01   1.38303375e-01   9.63194750e-01   9.31953750e-02
   8.86066000e-01   1.92147750e-01   4.95456250e-02   7.30311375e-01
   3.21165125e-01   8.45070500e-01   6.87508000e-01   2.04224500e-01
   7.04846500e-01   4.79059750e-01   1.14813750e-01   4.41216625e-01
   1.31595500e-01   7.58314375e-01   8.25838000e-01   9.14166875e-01
   7.12058875e-01   5.28234250e-01   6.02321250e-01   4.65961000e-01
   5.49385750e-01   9.02671625e-01   9.19045000e-02   7.43658750e-01
   7.96688875e-01   6.99112000e-01   1.97332875e-01   8.56361375e-01
   8.62498625e-01   5.86736375e-01   8.56644375e-01   5.87970625e-01
   1.25140375e-01   1.53221125e-01   1.89694500e-01   7.94497625e-01
   7.88634500e-01   5.87511125e-01   8.89553250e-01   2.56309750e-01
   1.61210375e-01  -1.97762500e-03   5.38525750e-01   6.65595375e-01
   8.72737000e-01   9.73136750e-01   5.33098375e-01   1.00438225e+00
   1.76428000e-01   1.16447750e-01   6.99351500e-01   3.22630000e-02
   8.57597625e-01   2.58825750e-01   8.49840000e-02   8.76476750e-01
   1.12951500e-01   8.99099125e-01   6.02577875e-01   2.25799500e-01
   8.09495875e-01   4.38165875e-01   3.73579375e-01   3.81363125e-01
   2.50627500e-02   9.94855125e-01   3.06789875e-01   5.33247250e-01
   4.53237625e-01   4.22322750e-01   9.70865625e-01   7.90311250e-02
   8.67394500e-01   7.81185250e-01   6.04793375e-01   1.53066250e-02
   6.38186875e-01   1.39672500e-02   3.76494875e-01   4.19783750e-02
   7.33737875e-01   6.16997500e-01   4.68161750e-01   4.48750125e-01
   5.06986750e-01   4.11564000e-01   1.63605750e-01   3.86944500e-01
   7.07539250e-01   4.08480000e-01   2.81846500e-01   6.00518500e-01
   6.91564000e-01   6.40218750e-02   3.05307500e-02   2.58815000e-01
   2.73066875e-01   4.14442500e-02   5.97164875e-01   8.80087250e-01
   5.96338875e-01   2.47490500e-01   2.55135625e-01   5.94371750e-01
   9.75910375e-01   3.58563125e-01   3.73451375e-01   5.62250625e-01
   8.51277375e-01   6.95779500e-01   1.00452213e+00   2.70823875e-01
   6.55802000e-01   8.26400500e-01   3.35253250e-01   3.98813625e-01
   3.33558750e-02   3.58121000e-01   1.05861875e-01   1.98800625e-01
   9.98197500e-01   8.66296750e-01   1.03271300e+00   8.46951000e-01
   4.45552625e-01   9.16639250e-01   5.21882125e-01   2.38460500e-01
   3.76448875e-01   8.53620875e-01   1.48439250e-01   5.38566125e-01
   9.53040625e-01   1.01557338e+00   6.05947375e-01   7.19183250e-01
   2.58028250e-01   7.45035125e-01   8.67748125e-01   7.18408875e-01
   6.64660375e-01   7.09239750e-01   4.78950500e-01   1.03243925e+00
   9.43242500e-02   4.34570500e-01   5.90261375e-01  -8.67375000e-03
   5.78062500e-03   1.10733375e-01   1.01640588e+00   3.56261750e-01
   5.41607500e-01   7.86616500e-01   8.69177000e-01   5.53551250e-01
  -6.85437500e-03   2.19001000e-01   4.30914000e-01   5.90901875e-01
   3.60423000e-01   5.53544750e-01   7.47743250e-01   5.59517500e-01
   4.18082875e-01   4.64190750e-01   8.24910000e-01   8.79049500e-01
  -2.40720000e-02   3.44433375e-01   1.75993375e-01   8.66766875e-01
   4.67525875e-01   7.90800000e-01   7.25744625e-01   6.59138000e-01
   4.30724375e-01  -2.27567500e-02   6.37744250e-01   9.10182250e-01
   8.30500000e-04   9.97784375e-01   8.29246125e-01   7.43661750e-01
   9.57862625e-01]
[ 0.016857    0.228966    0.8639045   0.60112112  0.49627625  0.8601015
  0.57114837  0.78603925  0.30401425  0.40134275  0.05000313  0.53428613
  0.92704225  0.47553262  0.53173925  0.16687288  0.15023513  0.52743138
  0.09256125  0.11665238  0.27235713  0.88768225  0.13513463  0.18180788
  0.57078025  0.53249438  0.23217525  0.27386312  0.477323    0.93254475
  0.69187275  0.34632887  0.51668463  1.02031863  0.503875    0.5580405
  0.44309988  0.109718    0.1168345   0.60855875  0.9271895   0.22953237
  0.73105225  0.801238    0.625241   -0.01666363  0.620321    0.468892
  0.32104225  0.24828288  0.98968375  0.85528812  0.68747338  0.44647325
  0.95699113  0.633439    0.15362788  0.4780825   0.4057535   0.071342
  0.29510338  0.89427437  0.22512087  0.92169638  0.8411225   0.39256713
  0.9634155   0.93622838  0.40602787  0.49871125  0.65879775  0.91596338
  0.88097025  0.00253887  0.67272425  0.62471537  0.7092395   0.76023787
  0.60459275  0.40502563  1.0211025   0.888558    0.36281725  0.494383
  0.70124387  0.99848025  0.856059    0.194459    0.59498687  0.35024475
  0.81419725 -0.0193005   0.3576915   0.60318337  0.20027975  0.34232275
  0.1968965   0.1417695   0.65976363  0.34963275  0.68044888  0.36528375
 -0.01065137  0.37853637  0.439647    0.09052088  0.54756075  0.27495413
  0.28220212  0.090999    0.43570825  0.9725645   0.94145213  0.96906612
  1.02225563  0.982162    0.806238    0.0435065   0.55334863  0.87757862
  0.975648    0.21501375  0.35791737  0.72824325  0.03543675  0.02957663
  0.76006737  0.19016575  1.01200325 -0.01884562  0.53935     0.20658937
  0.702284    0.68955825 -0.02632175  0.8025705   0.15107962  0.96196125
  0.79003313  0.05779213  0.14067713  0.367351    0.67118013  0.577173
  0.50440688  0.65462325  0.79307587  0.69107925  1.00751762  0.20530162
 -0.01447588  0.54838538  0.16668787  0.8890605   0.90065138  0.28286575
  0.65334512  0.21503763  0.79741075  1.00934562  0.64529413  0.48242775
  0.05172713  0.62301763  0.40841375  0.921709    0.17141475  0.218172
  0.67508725  0.95996637  0.8292955   0.57254587  0.7233415  -0.00118887
  0.52870575  0.0339235   0.68839037  0.4952645   0.6478075   0.4768315
  0.28218175  0.54340763  0.81271988  0.56610225  0.08672513  0.50912212
  0.15703475  0.68293625  0.47912987  0.57812975  0.81985     0.862997
  0.22010388  0.67413062  0.20723388  0.28528162  0.195017    0.36899425
  0.65772663  0.10073488  0.73602225  0.90528425  0.1712385   0.072531
  0.44384862  0.25647875  0.3615375   0.25482563  0.20923663  0.18555125
  0.44597075  0.79232175  0.81049525  0.35944275  0.04896075  0.22672975
  0.43204712  0.624371    0.91931913  0.43852313  0.14704675  0.31369125
  0.93130838  0.251012    0.519195    0.60606762  0.532531    0.63701475
  0.06925875  0.285855    0.92507875  0.59185662  0.82106575  0.07821325
  0.64328388  0.52805675  0.98373312  0.64281675  0.9169005   0.76190775
  0.85112488  0.311608    0.8222595   0.42450138  0.14986538  0.74693237
  0.03000025  0.8620755   0.210463    0.93196663  0.66658775  0.306621
  0.82569463  0.69952662  0.59486675  0.72065687  0.82813325]
[ 0.047976    0.557268    0.34023762  0.83474375  0.41997113  0.11898438
  0.09029088  0.08399888  0.67212437  0.40078025  1.02593862  0.90133213
  0.46476412  0.698304    0.61180187  0.15997063  0.84735262  0.56017788
  0.702467    0.06897838  0.55503175  0.91870012  0.64078388  0.330274
  0.69816387  0.30428     0.99843637  0.31919887  0.95812275  0.02950338
  0.26808363  0.2339985   0.61298225  0.467282    0.13951838  0.55066688
  0.89582187  0.63661675  0.3458295   0.21873112  0.95407713  0.32662513
  0.72120712  0.76993137  0.11945713  0.40721775  0.18268013  0.80296588
  0.68337613  0.88037862  0.93806075  0.84490162  0.24552337  0.14536038
  0.54431875  0.01945     0.35282612  0.8218725   0.3514565   0.482626
  0.36951975  0.82896212  0.75041775  0.5072415   0.42719187  0.728274
  0.90804463  0.6171385   0.5917375   0.37570675  0.8458305  -0.01173962
  0.66912813  0.66543388  0.662184    0.08689437  0.61480788  0.18122363
  0.16331225  1.01279563  0.35803875  0.8552175   0.359249    0.93378238
  0.3848305   0.45244238  0.40491162  0.03056663  0.6063125   0.2125825
  0.39600763  0.3562145   0.49474913  0.437347    0.40934275  0.094884
  0.03879038  0.77169438  0.51177112  0.43229013  0.9066085   0.70074037
  0.47685025  0.54410988  0.90238662  0.69012625  0.11467537  0.89161062
  0.17871513  0.261437    0.28717675  0.86789662  1.002248    0.419847
  0.73710487  0.74759212  0.58752512  0.82447675  0.7755945   0.55891825
  0.61690537  0.73946025  0.97837038  0.70721412  0.39483862  0.3155375
  0.68529613  0.19182575  0.99808937  0.67527713 -0.026113    0.1354095
  0.12654512  0.80588225  0.34603913  0.83981875  0.20485437  0.04769263
  0.82236113  0.8164465   0.40308287  0.95595362  0.45956488  0.80571238
  0.94571638  0.1733665   0.40431938  0.24066275  1.01497975  1.015392
  0.34881062  0.266373    0.06497325  0.80135312  0.49752762  0.36957937
  0.93483925  0.18508088  0.18761525  0.40826925  0.0502725   0.42702438
  0.512875    0.21156537  0.25928288  0.53874025  0.28561912  0.483325
  0.01197338  0.41398113  0.80387038  0.8445935   0.71108425  0.53294863
  0.41341112  0.573558    0.89665925  0.7066165   0.69656775  0.61513787
  0.071765    0.64263275  0.10635     0.95419138  0.35193113  0.99999237
  1.02923962  0.5026935   0.38611175  0.21051263  0.96694562  0.2447165
  0.31523913  0.105364    0.94414788  0.9180455   0.64835637  0.53817163
  0.31080262  0.39307863  0.9152285   0.14134925  0.05917213  0.45443438
  0.94616963  0.67579863  0.91788938  0.6123215   0.13749662  0.87976637
  0.4169905   0.56058013  0.96504887  0.99014713  0.54210525  0.83861237
  0.27525275  0.103062    0.0961785   0.5948635   0.53563863  0.25150125
  0.781353    0.67063512  0.9828175   0.82575238  0.08372425  0.20752938
  0.94451713 -0.01832475  0.521847    0.47577663  0.66587213  0.99236262
  0.51212888  0.46580787  0.87771912  0.91191125  0.926443    0.28708825
  0.56861038  1.00400725  0.50412875  0.71906587  0.24683663  0.12658563
  0.6718295  -0.01506787  0.160615    0.02600913  0.949612    0.30920188
  0.7168165   0.99417537  0.77099238  0.85782325  0.92275725]
[ 0.04562562  0.124537    0.75000575  0.64593875  1.0249515   0.9096815
  0.65788725 -0.02472087  0.3356145   0.32721838  0.34288188  0.40756462
  0.91002313  0.7090075   0.88948938  0.75915975 -0.0071605   0.91057625
  0.05913575  0.23635275  0.82092875  0.04417075  0.588449    0.87783488
  0.55068613 -0.0262795   0.84337825  0.781916    0.43184838  0.49139175
  0.93557025  0.61300325 -0.01227825  0.61756925  0.56975312  0.39124838
  0.83413437  0.50022525  0.47383287  0.4713955   0.58962187  0.01867863
  0.21510063  0.79163288  0.19111987  0.42623088  0.89810937 -0.00898925
  0.02738763  0.64178675  0.83477525  0.19964788  0.78366788  0.534604
  0.53685275  0.56935725  0.34022137  0.1068055   0.68886213  0.8003295
  0.69753312  0.08975375  0.94180638  0.3179755   0.03677875  0.99467075
  0.91335725  0.1644555   0.54061025  0.46781675  0.02331763  0.61207187
  0.88391925  0.53045675  0.63042487  0.97282575  0.96413387  0.103498
  0.40373962  0.60476838  0.28195975  0.43469238  0.03230813  0.72535
  0.97520775  0.51557712  0.27693412  0.914538    0.26661     0.74028075
  0.67764238  0.34031362  0.07302475  0.626407    0.37934225  0.42732775
  0.82882013  0.118651    0.72587887  0.78076188  0.92348588  0.81868188
  0.6234165   0.5355485   0.46162988  0.91377387  0.83222075  0.75928575
  0.06031925  0.6813755   0.44547538  0.11831613  0.46638087  0.2521605
  0.982938    0.42081225  0.18528712  0.10451838  0.9678555   0.40116737
  0.7358435   0.62454612  0.99315387  0.824698    0.26625775  0.2402715
  0.613724    0.27510438  0.52547     0.62420338  0.05417125  0.3945315
  0.68280625  0.42710175  0.15390063  0.72718862  0.46852738  0.5939045
  0.63414375  0.60781787  0.60335412  0.75856338  0.33439625  0.22659162
  0.8757475   0.79307925 -0.00818613  0.44089737  0.13999763  0.35334
  0.09237425  0.93006675  0.34670275  0.66687375  0.340383    0.74855337
  0.1460365   0.06480562  0.1327555   0.52509037  0.04525825  0.63003988
  0.42958762  0.71784     0.41732975  0.39235012  0.2956645   0.2814105
  0.95951637  0.32741425  0.32089213 -0.008776    0.61646263  0.36486238
  0.25532288  0.49936988  0.93231075  0.00989163  0.46705387  0.79536
  0.30397325  0.28179587  0.82269363  0.67222     0.425213    0.581176
  0.1438645   0.72599537  0.79575925  0.12405013  0.2087705   0.54780313
  0.23920975  0.02932775 -0.00495212  0.751477    0.5630385   0.717966
  0.64858088  0.341668    0.059285    0.06238425  0.06467138  1.00322162
  0.93973625  0.32944038  0.973112    0.05399475  0.45062062  0.49103263
  0.12810875  0.528893    0.65144388  1.00486175  0.71222737  0.239405
  0.08311713  0.1100005   0.01015587  1.01800288  0.841831    0.68434388
  0.05270387  0.39864888  0.6669035   0.43840612  0.73513412  0.39482463
  0.0792695   0.10342087  0.86124325  0.50661137  0.42358363  1.00626687
  0.143379    0.66681937  0.25620275  0.9273475   0.60340562  0.87931087
  0.28185475  0.82831588  0.6637755   0.34925363  0.78454125 -0.02239537
  0.1766115   0.82970938  0.5798275   0.63461325  0.81612213  0.233175
  0.26557938  0.18120688  0.47802312  0.22643088  0.99905225]
[  6.04891875e-01   5.25008750e-01   9.21316875e-01   8.94291125e-01
   2.34857375e-01   4.48702875e-01   5.51259500e-01   5.23836000e-01
   7.90874125e-01   8.74771625e-01   6.31604000e-01  -2.49757500e-02
   6.22943750e-01   9.99628500e-01   5.47593750e-02   4.40228750e-01
   1.01779788e+00   2.64310250e-01   6.83506750e-01   7.34257125e-01
   2.29195000e-01   5.81538000e-01   8.47828500e-01   8.04236125e-01
   4.63570625e-01   5.75836750e-01   2.51142750e-01   3.77798750e-01
   7.43124750e-01   7.99215000e-01   1.74132750e-01   1.97456125e-01
   6.12630125e-01   1.52096250e-01   6.62942625e-01   6.66983875e-01
   8.82982375e-01   7.54536625e-01   1.95077000e-01   7.58958250e-01
   4.43759625e-01   8.03062250e-01   6.37306500e-01   1.15349250e-01
   1.02012850e+00   8.19306125e-01   1.01598863e+00   7.21860000e-01
   1.02328138e+00   4.84602375e-01   7.09253875e-01  -3.29783750e-02
   5.11435250e-01   3.29509875e-01   3.00995000e-02   2.36616500e-01
   7.32137500e-01   6.56006250e-01   6.91275250e-01   2.19215125e-01
   7.24954750e-01   6.32845625e-01   1.70484750e-01   1.58243875e-01
   3.96521875e-01   1.77695000e-02   2.69789000e-01   3.89051250e-02
   3.70735250e-01   6.16190375e-01   4.65203000e-01   5.90499875e-01
   2.16036625e-01   5.86349875e-01   3.66811625e-01   4.00483375e-01
   3.36295000e-02   4.30765000e-01   8.57322375e-01   1.39694250e-01
   8.11304625e-01   7.97494625e-01   3.47403250e-01   2.47304875e-01
   3.76817750e-01   7.04288125e-01   3.79329875e-01   5.79250000e-04
   1.28043500e-01   6.12721625e-01   8.28207625e-01   2.74835875e-01
  -1.47272500e-02   8.84280625e-01   4.59775000e-02   1.37491875e-01
   8.08061125e-01   6.99475000e-01   4.81789125e-01   7.94438500e-01
   7.57902875e-01   7.61891250e-02   3.15125875e-01   1.01500537e+00
   1.77689750e-01   8.12079000e-01   1.24177500e-01   3.38853375e-01
   6.18527250e-01   9.93739125e-01   6.76897750e-01   4.58667000e-01
   9.59623375e-01   6.46006375e-01   9.96751125e-01   2.62341500e-01
   7.66424750e-01   1.23938125e-01   6.06627875e-01   3.13728625e-01
   2.16889500e-01   7.54131750e-01   7.43646250e-01   7.77394250e-01
   7.53728375e-01   8.21694250e-01   8.27404125e-01   5.80951500e-01
   7.61809375e-01   7.62844625e-01   4.94824625e-01   4.92660625e-01
   7.45982875e-01   6.20770500e-01   6.05653750e-01   5.72974375e-01
   3.96575000e-01   2.60146250e-02   3.05068125e-01   3.84504375e-01
   9.96664250e-01   5.83043750e-02   7.58904125e-01   4.18112250e-01
   5.38389875e-01   9.54390000e-01   4.99973625e-01   3.10559250e-01
   5.94374750e-01   7.13845750e-01   1.02571075e+00   1.00882487e+00
   6.81736625e-01   7.39016250e-02   2.75885000e-01   7.56082875e-01
   1.88154250e-01   8.79649750e-01   2.56549375e-01   6.95513875e-01
   9.10280125e-01   3.64989625e-01   1.19669375e-01   6.85331000e-01
   1.26787000e-01   7.11558625e-01   6.09415000e-02   2.89174250e-01
   5.27558625e-01   7.42352625e-01   9.82006125e-01   7.01324500e-01
   2.57298250e-01   2.13772000e-01  -2.35253750e-02   1.14785125e-01
   5.95425250e-01   2.51549750e-01   9.15706125e-01   6.26699375e-01
   3.81767500e-01   1.65362000e-01   5.69857375e-01   3.74835000e-02
   9.74675875e-01   7.85868750e-01   1.23236625e-01   2.59908625e-01
   7.66425500e-01   1.22448625e-01   1.17003250e-01   1.74652500e-01
   7.24515375e-01   4.85559125e-01   2.68864250e-01   5.93574875e-01
   7.76201250e-01   5.44556375e-01   5.10473625e-01   3.88537500e-03
   7.81023625e-01   7.59481250e-01   5.19223750e-02   6.34982250e-01
   6.46717125e-01   7.41354625e-01   4.90763750e-01   4.01264875e-01
   3.31724875e-01   8.21874625e-01   1.77630125e-01   7.40574750e-01
   2.38580875e-01   2.73609375e-01   6.81924375e-01   7.99579750e-01
   4.11626625e-01   5.07126750e-01   3.55765625e-01   8.10474750e-01
   4.60456625e-01   6.94357125e-01   5.84370375e-01   1.22360625e-01
   4.77546625e-01   8.41105125e-01   9.86308000e-01   5.11964750e-01
   9.09039500e-01   4.85392000e-01   5.17595375e-01   5.78247500e-01
   6.24947125e-01   3.75783875e-01   4.07545625e-01   2.71831375e-01
  -1.89555000e-02   7.72796000e-01   7.61854500e-01   2.61192500e-01
  -2.58001250e-02   1.73412375e-01   6.20115375e-01   5.17632250e-01
   7.54129625e-01   4.61197250e-01   6.30505375e-01   9.36146250e-01
   2.51789250e-01   7.94852625e-01   4.03418125e-01   4.20526875e-01
   2.11827875e-01   1.27497750e-01   1.48712750e-01   4.67236875e-01
   2.57308375e-01]
[ 0.6228615   0.9005635   0.95825212  0.03783987  0.0887315   0.595812
  0.68656263  0.08214588  1.00676112  0.57727937  0.01005187  0.03369537
  0.13931275  0.80332788  0.08035763  0.3886515   0.35018563  0.23583613
  0.7103985  -0.0192905   0.53556313  0.6447175   0.47138625  0.84302237
  0.86411288  0.563405    0.00494513  0.39195725  0.97093175  0.1540835
 -0.01176775  0.12781788  0.94704688  0.210397    0.07408312  0.31848962
  0.2457085   0.048077    0.9856875   0.00760213  0.18134288  0.22963137
  0.00826562  0.63528887  0.45376263  0.0584295   0.45279163  0.508967
  0.66873825  0.04239962  0.676858    0.51247637  0.50879188  0.39453837
  0.0972195   0.743644    1.01301887  0.23443887  0.16386813  0.20009225
  0.81826388  0.43191412  0.16584762  0.90906375  0.49172275  0.88626475
  0.15645788 -0.008643    0.446884    0.64684588  0.9814455   0.30514425
  0.28264438  0.25691775  0.39146138 -0.016583   -0.02138     0.297151
  0.643868    0.72237287  0.65172725  0.24777475  0.59095437  0.87237225
  0.55592638  0.51508888  0.49842188  0.689557    0.48017762  0.45390288
  0.73014425  0.751381    0.12741413 -0.02573863  0.89215525  0.9307255
  0.87615612  0.2884275   0.77482063  0.8624495   0.44826938  0.96445962
  0.454191    0.6698595   0.52634425  0.29176225  0.01265375  0.01322237
  0.0389145   0.06066175  0.653046    0.469738    0.1029205   0.06506663
  1.01091125  0.70806725  0.09307113  0.644104    0.4187195   0.72787863
  0.44059263  0.21627638  0.09794438  0.02816688  0.83269637  0.53254537
  0.32969287  0.2418255   0.42404375  0.74730925  0.22356312  0.02009438
  0.14607488  0.14614812  0.47847362  0.09874325  0.1212385   0.73932762
  0.31023375  0.55323925  0.32898563  0.22378413  0.0707985   0.45160463
  0.5484115   0.96856537  0.11040287  0.26141188  0.69107062  0.25934038
  0.2912865   0.412357    0.87824175  0.03980937  0.06004975  0.76577375
  0.19207713  0.947133    0.05201513  0.073447    0.75846238  0.54324088
  0.36717987  0.44314887  0.8682205   0.87759612  0.487375    0.60742387
  0.15079538  0.42401662  0.2075835   0.27753187  0.71287238  0.71227787
  0.03588513  0.12084638  0.30010463  0.87297487  0.24806225  0.519541
  0.677361    0.05381325  0.21207225  1.02026338  0.55766738  0.06904462
  0.9568415   0.65164263  0.68021263  0.147506    0.06799225  0.55930025
  0.941804    0.01046675  0.50185025  0.49806163  0.91937863  0.52586462
  0.60399388  0.08054812  0.94605563  0.757266    0.80151763  0.30645312
  0.37085363  0.4230215   0.55272963  0.02427537  0.7976325   0.23871
  0.62475612  0.6763805   0.33829687  0.66573938  0.45839638  0.2897875
  0.23282787  0.34070062  0.88266563  0.96469762  0.66273475  0.82667663
  0.31135488  0.28376125  0.51219088  0.44707675  0.94015363  0.52177538
  0.80633763  0.45227213  0.0121075   0.820826    0.00454     0.51225338
  0.282853    0.67583213 -0.0109985  -0.00731762  0.03513912  0.67568063
  0.60123887  0.00995525  0.96715487  0.93821788  0.077907    0.53373437
  0.64789225  0.86670487  0.61011375  0.86579662  0.33138288  0.34870925
  0.65624763  0.35407712  0.553486    0.75124912  1.00838425]
[ 0.10748937  0.87490563  0.79934063  0.74162887  0.170472   -0.03183563
  0.71776513  1.020221    0.46126225  0.59048375  0.01792913  0.29498513
  0.98451413  0.61218587  0.42861     0.82344925  0.78469675  0.82746325
  0.047415    0.9442205   0.1248775   0.97423562  0.03776787 -0.01274137
  0.80488088  0.67955525  0.1069255   0.66551213  0.115003    0.81663525
  0.21712963  0.771659    0.80001325  0.206868    0.76929375  1.01494825
  0.31816512  0.35241363  0.4742575   0.322701    0.03046613  0.84297887
  0.510092    0.71885088  0.70885175  0.395413    0.86359162  0.0854465
  0.998416    1.00467788  0.99251937  0.42216287  0.307481    1.0078435
  0.87842162  0.35753675  0.01120512  0.48923575  0.07616638  0.4008475
  0.96249362  0.62017437  0.3849935   0.6777485   0.38542488  0.58390325
  0.54530738  0.28164512  0.04481313  0.49785862  0.35972625  0.83333775
  0.4294075   0.21458337  0.66326812  0.34928762  0.48986313  0.228985
  0.48629512  0.73493787  0.62840438  0.40407312  0.05287488  0.68652013
  0.37302488  0.830322    0.5599055   0.69172025  0.31949463  0.401953
  0.070348    0.77266325  0.65550325  0.33957175  0.66633887  0.63667988
  0.18324075  0.16135225  1.00196588  0.52819625  0.13202838  0.42883662
  0.69859725  0.0695945   0.813519    0.23979913  0.30589275  0.07571687
  0.42987637  0.06815225  0.68891963  0.497617    0.42413737  0.60049612
  0.76993338  0.08172187  0.99889187  0.41227938  0.90460913  0.08227962
  0.790114    0.18191863  0.72130925  0.3485265   0.82632725  0.4720275
  0.7838845   0.54879475  0.3350045   0.53041388  0.9942985   0.171946
  0.72362362  0.34131725  0.98981212  0.20119087  0.51232062  0.53803875
  0.75057025  0.75802187 -0.01078437  0.69946412  0.58869825  0.16449375
  0.80400163  0.58861513  0.38039838  0.98944937  0.82858075  0.683766
  1.0230995   0.973036    0.469785    0.24562538  0.47849412  0.937691
  0.40103     0.4331125   0.58640875  0.01479688  0.76964075  0.43058612
  0.43338587  0.42033625  0.2581525   0.35959012 -0.02158775  0.513973
  0.17645513  0.6429695   0.0249835   0.67864863  0.02381325  0.016865
  0.47807812  0.500929    0.22401262  0.69671675  0.40532837  0.64755887
  0.92769937  0.54534088  0.4529705   0.46089588  0.6681105   0.18124588
  0.12441763  0.39805313  0.24450575  0.44169525  0.76047038  0.97069862
  0.04545138  0.46207788  0.66313363  0.71991662  0.13936975  0.52677962
  0.61678275  0.144304    0.89395525  0.9452515   0.63527475  0.7617125
  0.30826588  0.39255563  0.12955687  0.19084875  0.269141    0.19534162
  0.157482    0.29408313  0.78167675  0.57320687 -0.01716162  0.76849975
  0.66574738  0.95264988  0.04886125  0.21410013  0.45305975  0.67324125
  0.01893075  0.46369825  0.5836975   0.79814262  0.90090437  0.60417912
  0.86223925  0.165619    0.015739    0.78243113  0.88843363  0.00354888
 -0.01412375  0.71908825  0.45873088  0.2638165   0.71902775  0.43428062
  0.4397365   0.049921    0.70600987  0.348278    0.72288387  0.72598525
  0.59025975  0.02294788 -0.01486312  0.37840662  0.64889825  0.847404
  0.13861688  0.24515987  0.59624475  0.965603    0.70226075]
[  1.06806625e-01   4.73259625e-01   7.50622125e-01   9.54613125e-01
   1.48613750e-01   1.05301250e-01   8.68318375e-01   2.25605375e-01
   3.77255000e-02   7.91057875e-01   4.67076250e-02   6.45318125e-01
   8.67995375e-01   5.29376750e-01   3.93557250e-01  -1.69460000e-02
   7.62760625e-01   4.46147750e-01   4.19464625e-01   1.06455500e-01
   1.87317500e-02   3.49489375e-01   2.71268750e-01   7.83911125e-01
   2.54009625e-01   1.37150000e-03   8.69351500e-01   7.18569625e-01
   3.81404875e-01   1.16677875e-01   6.39529375e-01   3.15672000e-01
   4.41330625e-01   5.55741125e-01   4.39666750e-01   2.51479875e-01
   3.28380000e-02   8.60125125e-01   6.86531250e-02   3.41211625e-01
   1.35775625e-01   3.96979875e-01   8.50108875e-01   1.58014125e-01
   1.56364250e-01   9.25289375e-01   5.57159500e-01   4.25403000e-01
   9.17221375e-01  -2.51716250e-02   9.30401250e-02   6.47540375e-01
   1.07925000e-02   4.99098375e-01   6.23052500e-02   1.12524875e-01
   8.92061875e-01   3.27486500e-01   7.74343750e-01   3.57635125e-01
   5.89490875e-01   4.41398125e-01   4.32651250e-02  -2.31670000e-02
   2.14620750e-01   7.52471125e-01   8.64550000e-01   5.04268750e-01
   4.33962500e-02   7.97118375e-01   2.64171000e-01   5.82551250e-02
   4.94866625e-01   6.91688000e-01   3.88032375e-01   6.00937250e-01
   5.74028375e-01   8.13055000e-01   7.72559750e-01   6.18105000e-01
   4.17870500e-01   2.03277125e-01   4.43979750e-01   2.08364625e-01
   1.30655125e-01   8.33134500e-01   6.66629125e-01   8.93261500e-01
   4.04726500e-01   1.98529375e-01   9.65194250e-01   8.49352875e-01
   5.38209000e-01   9.13821250e-01   6.22861375e-01   4.69130750e-01
   5.00735875e-01   9.44240750e-01  -1.51393750e-02   4.95893375e-01
   1.30972625e-01   7.77245000e-02   8.89407375e-01   6.21541250e-01
   3.96288750e-02   4.82649625e-01   1.76677500e-02   2.21744750e-01
   8.52061000e-01   3.11836875e-01   5.07478375e-01   5.96781875e-01
   2.87888875e-01   8.02565125e-01   3.90163500e-01   3.48074250e-01
   8.18234875e-01   5.93215500e-01   8.51690875e-01   3.05128250e-01
   7.93695000e-02   5.72444750e-01  -1.27142500e-02   8.27384125e-01
   5.18000625e-01   1.74391375e-01   7.21342125e-01   1.10546125e-01
   6.42938125e-01   6.13515875e-01   8.01832875e-01   3.09177750e-01
   7.12456875e-01   9.16467875e-01   5.85356750e-01   7.25391250e-02
   2.04121750e-01   1.01693825e+00   7.10535000e-01   2.89146375e-01
   6.33725250e-01   8.57855875e-01   3.23159250e-01   5.98756500e-01
   3.58288625e-01   8.34865750e-01   4.55561625e-01   8.52068125e-01
   2.55422125e-01   2.47169375e-01   3.85921000e-01   3.48514000e-01
   5.96917875e-01   1.49069125e-01   9.54406875e-01   9.89880000e-01
   8.25973125e-01   1.91492500e-02   5.01326000e-01   5.24839500e-01
   9.52092750e-01   4.87625000e-03   4.50810250e-01   8.86909125e-01
   5.44317625e-01   4.35369125e-01   1.01818462e+00   8.96994875e-01
   6.21794375e-01   9.32931750e-01   7.77540875e-01   3.27549625e-01
   9.80159625e-01   5.25263750e-01   3.49756375e-01   9.34928500e-01
   3.39770875e-01  -6.73375000e-04   1.38635125e-01   5.72934750e-01
   6.38392000e-01   5.16316250e-01   5.03657125e-01   5.27039500e-01
   7.10055875e-01   5.18252500e-01   4.54346250e-01   2.08248250e-01
   8.94007500e-01   3.58232125e-01   6.45785625e-01   6.22130250e-01
   1.18761250e-01   4.82912750e-01   4.49842000e-01   4.97776625e-01
   7.45160000e-01   8.96076875e-01   6.17419375e-01   1.63471625e-01
   4.83199000e-01   8.64748500e-01   5.25860000e-02   5.16618125e-01
   1.46110000e-01   7.50424875e-01   6.54740000e-02   3.79499250e-01
   6.08857250e-01   7.75400000e-02   8.69568375e-01   8.88817000e-01
   2.49358750e-01   5.72531125e-01   7.63841250e-02   2.59172000e-01
   6.08003750e-02   8.16100625e-01   7.19046000e-01   3.73340625e-01
   4.19150375e-01   7.26557375e-01   9.53097625e-01   5.78703500e-01
   9.56890250e-01   9.56881250e-02   8.90539625e-01   5.21441875e-01
  -1.78947500e-02   4.51853250e-01   3.45028500e-01   5.16792250e-01
   7.84728375e-01   3.74529875e-01  -1.69667500e-02   8.87872625e-01
   7.99980000e-01   3.46308625e-01   1.01584850e+00   5.93381875e-01
   1.24925250e-01   6.52963875e-01   6.53359750e-01   9.00697125e-01
   3.38257125e-01   4.61239750e-01  -5.70650000e-03   1.10212500e-03
   1.00611425e+00   6.34270375e-01   7.53816250e-02   8.99059750e-01
   2.24125250e-01   4.90016125e-01   4.15061875e-01   3.09688750e-01
   6.20167375e-01]
[  8.40880125e-01   2.38621500e-01   9.52125375e-01   6.21448750e-02
   1.37900000e-01   2.02416500e-01   5.29766500e-01   9.69241875e-01
   3.55434625e-01   5.90395750e-01   5.67993625e-01   1.23569875e-01
   6.43975375e-01   1.99989000e-01   2.13358875e-01   7.15474875e-01
   6.04320125e-01   9.34167625e-01   8.33313500e-01   7.21604375e-01
   6.76148250e-01   8.79619000e-01   4.93521625e-01   7.95424125e-01
   9.31934125e-01   5.84970500e-01   8.91459250e-01   8.57633875e-01
   5.19208000e-01   8.60020125e-01   1.30440875e-01   1.02713125e+00
   5.49159625e-01   1.63514875e-01   9.49699875e-01   5.70180500e-01
   1.01885538e+00   7.02924125e-01   2.60580500e-01   2.02292125e-01
   2.39308625e-01   3.76784250e-01   6.17630000e-01   7.41397250e-01
   3.36675375e-01   7.56495625e-01   1.00270188e+00   9.89642250e-01
   7.04898250e-01   3.99757375e-01   7.71949875e-01   4.89092250e-01
   1.87170000e-02   8.71843375e-01   2.09738625e-01   7.81196125e-01
   3.71674375e-01   5.93801375e-01   4.24522875e-01   5.38163125e-01
   4.93059750e-01   7.18133875e-01   8.93845750e-01   1.47275375e-01
   1.08300125e-01   3.79949375e-01   5.64580000e-02   2.18505000e-01
   9.68875125e-01   5.62877750e-01   5.51470125e-01   1.00763250e-01
   9.61497750e-01   1.49262500e-03   9.51402000e-01   7.83066500e-01
   3.83575750e-01   6.13399625e-01   4.43246875e-01  -1.80082500e-02
   7.16014250e-01   7.85894000e-01   2.64610500e-01   8.65897500e-01
   7.04442750e-01   9.93258125e-01   4.00763250e-01   2.45179500e-01
   6.27292750e-01   7.83127875e-01   9.21936750e-01   7.97341875e-01
   5.60464875e-01   6.16082375e-01   7.00368750e-02   9.89228000e-01
   5.84706250e-01   2.76444375e-01   4.82283000e-01   2.73125625e-01
   7.68565000e-02   3.31199125e-01   5.19052500e-01   3.02806875e-01
   1.86962750e-01   4.59690625e-01   5.37769500e-01   3.70974750e-01
   2.68142000e-01   8.74948250e-01   5.71800750e-01   7.12845625e-01
   8.62467625e-01   1.69048750e-02   1.32905375e-01   6.34394250e-01
   3.94186000e-01   1.02961425e+00   9.79853375e-01   7.51022500e-01
   4.41690000e-02   6.69464750e-01   5.17519500e-01   5.09593375e-01
   3.28711750e-01   9.06936375e-01   6.25560375e-01   1.50452500e-02
   4.09292000e-01   1.46339375e-01   1.66368125e-01   8.42521750e-01
   7.34414625e-01   3.75871750e-01   4.26065125e-01   6.98788500e-01
   1.40047875e-01   8.47097250e-01   9.34756125e-01   3.34386250e-02
   3.16025125e-01   5.82207875e-01   6.20217375e-01   3.52572500e-02
   3.15291000e-01   2.39853500e-01   1.90720500e-01   3.64179750e-01
   7.54800875e-01   6.17775750e-01   2.78719500e-01   9.85539375e-01
   5.96376875e-01   9.46287250e-01   1.27688625e-01   6.19265875e-01
   3.81249875e-01   7.72223625e-01   6.51293500e-01   7.46694875e-01
   6.33082250e-01   4.81332750e-01  -5.53025000e-03   6.55505750e-01
   4.81607875e-01   2.02295375e-01   1.91910125e-01   7.37611250e-01
   8.56840500e-01   9.32553875e-01   1.20427500e-02   4.98513500e-01
   3.85000125e-01   8.98815625e-01   5.40176125e-01   7.65389625e-01
   5.94031250e-01   9.01201625e-01   1.60320125e-01   3.05785750e-01
   6.49707500e-02   1.02636488e+00   3.12633250e-01   4.92341250e-02
   6.14143250e-01   2.22828500e-01  -3.31975000e-03   4.94691125e-01
   6.92199750e-01   8.79136625e-01  -1.22163750e-02   7.59590375e-01
   5.11729375e-01   2.82869250e-01   1.84418375e-01   8.81406875e-01
   6.06031750e-01   6.52474250e-01   3.81810875e-01   4.22362500e-03
   8.23762875e-01   9.83921625e-01   4.02281250e-01   6.11868250e-01
   2.74495000e-02   5.07051250e-02   4.67289875e-01   1.57631875e-01
   4.50819250e-01   8.85135000e-01   8.16703500e-01   6.71800000e-03
   6.74423250e-01   4.86601375e-01   8.31029500e-01   7.79198375e-01
   5.27722375e-01   9.11981750e-01   3.14485625e-01  -9.13262500e-03
   6.42399375e-01   2.78858500e-01  -2.64375000e-04   1.66373750e-02
   9.15875875e-01   1.36979375e-01   5.71762750e-01   7.45533875e-01
   1.51572750e-01   5.79858750e-01   5.79215125e-01   7.17981625e-01
   9.01497250e-01   5.02212125e-01   4.71703750e-01  -1.51863750e-02
   4.81037000e-01   4.85108750e-01   4.32208125e-01   7.73423500e-01
   8.03084625e-01   5.45577375e-01   3.23577000e-01   2.84950750e-01
   2.42368250e-01   1.95016625e-01   5.56579625e-01   5.30736625e-01
   7.93794000e-01   7.19064125e-01   8.81025250e-01   1.34474250e-01
   1.68831500e-01   8.18958875e-01   1.71933625e-01   8.93613750e-01
   7.79867875e-01]

6.72103901569
6.65886171105
6.81167784136
6.70040647172
6.69038451376
6.66782325921
6.71585752033
6.75046397083
6.6326286411
6.6731732947
6.6659124685
6.50311617205
6.78125289881
6.61833266895
6.64133187218
6.64563964873
